Year,Month,Day,Hour,Minute,Wind Speed at 100m (m/s),wind_speed,power_output
2023,1,1,0,0,9.82,9.82,1561.0
2023,1,1,1,0,9.12,9.12,1561.0
2023,1,1,2,0,9.15,9.15,1561.0
2023,1,1,3,0,8.16,8.16,1561.0
2023,1,1,4,0,7.71,7.71,1561.0
2023,1,1,5,0,8.48,8.48,1561.0
2023,1,1,6,0,8.57,8.57,1561.0
2023,1,1,7,0,9.0,9.0,1561.0
2023,1,1,8,0,8.870000000000001,8.870000000000001,1561.0
2023,1,1,9,0,8.2,8.2,1561.0
2023,1,1,10,0,7.84,7.84,1561.0
2023,1,1,11,0,7.28,7.28,1561.0
2023,1,1,12,0,6.640000000000001,6.640000000000001,1561.0
2023,1,1,13,0,6.49,6.49,1561.0
2023,1,1,14,0,5.45,5.45,1561.0
2023,1,1,15,0,4.16,4.16,1561.0
2023,1,1,16,0,3.51,3.51,1561.0
2023,1,1,17,0,2.32,2.32,1561.0
2023,1,1,18,0,0.78,0.78,1461.7900058069092
2023,1,1,19,0,2.66,2.66,1561.0
2023,1,1,20,0,5.94,5.94,1561.0
2023,1,1,21,0,5.93,5.93,1561.0
2023,1,1,22,0,6.96,6.96,1561.0
2023,1,1,23,0,2.77,2.77,1561.0
2023,1,2,0,0,3.73,3.73,1561.0
2023,1,2,1,0,1.23,1.23,1561.0
2023,1,2,2,0,0.39,0.39,182.72375072586365
2023,1,2,3,0,2.33,2.33,1561.0
2023,1,2,4,0,3.69,3.69,1561.0
2023,1,2,5,0,4.48,4.48,1561.0
2023,1,2,6,0,4.55,4.55,1561.0
2023,1,2,7,0,4.41,4.41,1561.0
2023,1,2,8,0,4.16,4.16,1561.0
2023,1,2,9,0,4.17,4.17,1561.0
2023,1,2,10,0,4.48,4.48,1561.0
2023,1,2,11,0,3.79,3.79,1561.0
2023,1,2,12,0,4.16,4.16,1561.0
2023,1,2,13,0,4.62,4.62,1561.0
2023,1,2,14,0,3.77,3.77,1561.0
2023,1,2,15,0,3.44,3.44,1561.0
2023,1,2,16,0,4.05,4.05,1561.0
2023,1,2,17,0,4.83,4.83,1561.0
2023,1,2,18,0,5.03,5.03,1561.0
2023,1,2,19,0,4.69,4.69,1561.0
2023,1,2,20,0,5.32,5.32,1561.0
2023,1,2,21,0,4.32,4.32,1561.0
2023,1,2,22,0,5.01,5.01,1561.0
2023,1,2,23,0,6.890000000000001,6.890000000000001,1561.0
2023,1,3,0,0,7.95,7.95,1561.0
2023,1,3,1,0,8.73,8.73,1561.0
2023,1,3,2,0,4.86,4.86,1561.0
2023,1,3,3,0,5.8100000000000005,5.8100000000000005,1561.0
2023,1,3,4,0,6.22,6.22,1561.0
2023,1,3,5,0,7.07,7.07,1561.0
2023,1,3,6,0,8.09,8.09,1561.0
2023,1,3,7,0,7.54,7.54,1561.0
2023,1,3,8,0,8.5,8.5,1561.0
2023,1,3,9,0,7.96,7.96,1561.0
2023,1,3,10,0,9.5,9.5,1561.0
2023,1,3,11,0,9.43,9.43,1561.0
2023,1,3,12,0,10.58,10.58,1561.0
2023,1,3,13,0,9.87,9.87,1561.0
2023,1,3,14,0,10.25,10.25,1561.0
2023,1,3,15,0,10.12,10.12,1561.0
2023,1,3,16,0,10.74,10.74,1561.0
2023,1,3,17,0,10.35,10.35,1561.0
2023,1,3,18,0,10.53,10.53,1561.0
2023,1,3,19,0,11.21,11.21,1561.0
2023,1,3,20,0,11.6,11.6,1561.0
2023,1,3,21,0,10.47,10.47,1561.0
2023,1,3,22,0,10.41,10.41,1561.0
2023,1,3,23,0,10.17,10.17,1561.0
2023,1,4,0,0,9.5,9.5,1561.0
2023,1,4,1,0,9.3,9.3,1561.0
2023,1,4,2,0,9.97,9.97,1561.0
2023,1,4,3,0,7.37,7.37,1561.0
2023,1,4,4,0,3.83,3.83,1561.0
2023,1,4,5,0,3.04,3.04,1561.0
2023,1,4,6,0,4.7,4.7,1561.0
2023,1,4,7,0,3.82,3.82,1561.0
2023,1,4,8,0,4.34,4.34,1561.0
2023,1,4,9,0,4.91,4.91,1561.0
2023,1,4,10,0,4.59,4.59,1561.0
2023,1,4,11,0,6.2700000000000005,6.2700000000000005,1561.0
2023,1,4,12,0,7.29,7.29,1561.0
2023,1,4,13,0,9.09,9.09,1561.0
2023,1,4,14,0,8.73,8.73,1561.0
2023,1,4,15,0,8.24,8.24,1561.0
2023,1,4,16,0,7.85,7.85,1561.0
2023,1,4,17,0,9.47,9.47,1561.0
2023,1,4,18,0,9.27,9.27,1561.0
2023,1,4,19,0,7.78,7.78,1561.0
2023,1,4,20,0,7.12,7.12,1561.0
2023,1,4,21,0,7.65,7.65,1561.0
2023,1,4,22,0,8.13,8.13,1561.0
2023,1,4,23,0,7.97,7.97,1561.0
2023,1,5,0,0,9.19,9.19,1561.0
2023,1,5,1,0,8.370000000000001,8.370000000000001,1561.0
2023,1,5,2,0,9.11,9.11,1561.0
2023,1,5,3,0,8.84,8.84,1561.0
2023,1,5,4,0,9.51,9.51,1561.0
2023,1,5,5,0,9.15,9.15,1561.0
2023,1,5,6,0,9.25,9.25,1561.0
2023,1,5,7,0,9.17,9.17,1561.0
2023,1,5,8,0,8.15,8.15,1561.0
2023,1,5,9,0,7.61,7.61,1561.0
2023,1,5,10,0,8.03,8.03,1561.0
2023,1,5,11,0,8.09,8.09,1561.0
2023,1,5,12,0,7.890000000000001,7.890000000000001,1561.0
2023,1,5,13,0,7.11,7.11,1561.0
2023,1,5,14,0,6.58,6.58,1561.0
2023,1,5,15,0,8.38,8.38,1561.0
2023,1,5,16,0,9.14,9.14,1561.0
2023,1,5,17,0,9.36,9.36,1561.0
2023,1,5,18,0,8.2,8.2,1561.0
2023,1,5,19,0,8.52,8.52,1561.0
2023,1,5,20,0,9.05,9.05,1561.0
2023,1,5,21,0,9.65,9.65,1561.0
2023,1,5,22,0,9.84,9.84,1561.0
2023,1,5,23,0,9.62,9.62,1561.0
2023,1,6,0,0,9.25,9.25,1561.0
2023,1,6,1,0,8.15,8.15,1561.0
2023,1,6,2,0,8.9,8.9,1561.0
2023,1,6,3,0,9.69,9.69,1561.0
2023,1,6,4,0,7.18,7.18,1561.0
2023,1,6,5,0,7.22,7.22,1561.0
2023,1,6,6,0,6.34,6.34,1561.0
2023,1,6,7,0,6.73,6.73,1561.0
2023,1,6,8,0,6.0,6.0,1561.0
2023,1,6,9,0,5.03,5.03,1561.0
2023,1,6,10,0,4.36,4.36,1561.0
2023,1,6,11,0,5.0,5.0,1561.0
2023,1,6,12,0,4.67,4.67,1561.0
2023,1,6,13,0,5.29,5.29,1561.0
2023,1,6,14,0,5.0600000000000005,5.0600000000000005,1561.0
2023,1,6,15,0,4.64,4.64,1561.0
2023,1,6,16,0,4.3100000000000005,4.3100000000000005,1561.0
2023,1,6,17,0,3.3000000000000003,3.3000000000000003,1561.0
2023,1,6,18,0,3.66,3.66,1561.0
2023,1,6,19,0,2.3000000000000003,2.3000000000000003,1561.0
2023,1,6,20,0,1.96,1.96,1561.0
2023,1,6,21,0,2.24,2.24,1561.0
2023,1,6,22,0,0.5,0.5,385.0447384604082
2023,1,6,23,0,1.29,1.29,1561.0
2023,1,7,0,0,1.81,1.81,1561.0
2023,1,7,1,0,2.85,2.85,1561.0
2023,1,7,2,0,4.58,4.58,1561.0
2023,1,7,3,0,3.52,3.52,1561.0
2023,1,7,4,0,5.3,5.3,1561.0
2023,1,7,5,0,4.89,4.89,1561.0
2023,1,7,6,0,5.29,5.29,1561.0
2023,1,7,7,0,5.87,5.87,1561.0
2023,1,7,8,0,7.01,7.01,1561.0
2023,1,7,9,0,4.51,4.51,1561.0
2023,1,7,10,0,3.27,3.27,1561.0
2023,1,7,11,0,2.6,2.6,1561.0
2023,1,7,12,0,5.41,5.41,1561.0
2023,1,7,13,0,4.87,4.87,1561.0
2023,1,7,14,0,5.32,5.32,1561.0
2023,1,7,15,0,5.33,5.33,1561.0
2023,1,7,16,0,5.5200000000000005,5.5200000000000005,1561.0
2023,1,7,17,0,4.8100000000000005,4.8100000000000005,1561.0
2023,1,7,18,0,4.63,4.63,1561.0
2023,1,7,19,0,5.41,5.41,1561.0
2023,1,7,20,0,5.5,5.5,1561.0
2023,1,7,21,0,5.2700000000000005,5.2700000000000005,1561.0
2023,1,7,22,0,5.8500000000000005,5.8500000000000005,1561.0
2023,1,7,23,0,6.04,6.04,1561.0
2023,1,8,0,0,6.03,6.03,1561.0
2023,1,8,1,0,3.86,3.86,1561.0
2023,1,8,2,0,4.3100000000000005,4.3100000000000005,1561.0
2023,1,8,3,0,4.63,4.63,1561.0
2023,1,8,4,0,5.61,5.61,1561.0
2023,1,8,5,0,4.8500000000000005,4.8500000000000005,1561.0
2023,1,8,6,0,6.21,6.21,1561.0
2023,1,8,7,0,6.36,6.36,1561.0
2023,1,8,8,0,5.5200000000000005,5.5200000000000005,1561.0
2023,1,8,9,0,5.72,5.72,1561.0
2023,1,8,10,0,4.32,4.32,1561.0
2023,1,8,11,0,3.87,3.87,1561.0
2023,1,8,12,0,4.47,4.47,1561.0
2023,1,8,13,0,3.08,3.08,1561.0
2023,1,8,14,0,3.24,3.24,1561.0
2023,1,8,15,0,1.77,1.77,1561.0
2023,1,8,16,0,3.26,3.26,1561.0
2023,1,8,17,0,4.62,4.62,1561.0
2023,1,8,18,0,3.5700000000000003,3.5700000000000003,1561.0
2023,1,8,19,0,3.5,3.5,1561.0
2023,1,8,20,0,6.21,6.21,1561.0
2023,1,8,21,0,7.09,7.09,1561.0
2023,1,8,22,0,4.6000000000000005,4.6000000000000005,1561.0
2023,1,8,23,0,6.47,6.47,1561.0
2023,1,9,0,0,5.0200000000000005,5.0200000000000005,1561.0
2023,1,9,1,0,5.15,5.15,1561.0
2023,1,9,2,0,4.23,4.23,1561.0
2023,1,9,3,0,4.3100000000000005,4.3100000000000005,1561.0
2023,1,9,4,0,4.94,4.94,1561.0
2023,1,9,5,0,5.2,5.2,1561.0
2023,1,9,6,0,5.61,5.61,1561.0
2023,1,9,7,0,5.34,5.34,1561.0
2023,1,9,8,0,4.41,4.41,1561.0
2023,1,9,9,0,5.2,5.2,1561.0
2023,1,9,10,0,5.19,5.19,1561.0
2023,1,9,11,0,5.37,5.37,1561.0
2023,1,9,12,0,5.39,5.39,1561.0
2023,1,9,13,0,4.7,4.7,1561.0
2023,1,9,14,0,5.83,5.83,1561.0
2023,1,9,15,0,5.68,5.68,1561.0
2023,1,9,16,0,6.07,6.07,1561.0
2023,1,9,17,0,6.2700000000000005,6.2700000000000005,1561.0
2023,1,9,18,0,7.11,7.11,1561.0
2023,1,9,19,0,8.14,8.14,1561.0
2023,1,9,20,0,8.35,8.35,1561.0
2023,1,9,21,0,10.23,10.23,1561.0
2023,1,9,22,0,9.98,9.98,1561.0
2023,1,9,23,0,10.33,10.33,1561.0
2023,1,10,0,0,10.66,10.66,1561.0
2023,1,10,1,0,11.77,11.77,1561.0
2023,1,10,2,0,10.66,10.66,1561.0
2023,1,10,3,0,10.86,10.86,1561.0
2023,1,10,4,0,9.58,9.58,1561.0
2023,1,10,5,0,8.85,8.85,1561.0
2023,1,10,6,0,9.0,9.0,1561.0
2023,1,10,7,0,9.69,9.69,1561.0
2023,1,10,8,0,8.07,8.07,1561.0
2023,1,10,9,0,5.75,5.75,1561.0
2023,1,10,10,0,5.28,5.28,1561.0
2023,1,10,11,0,4.25,4.25,1561.0
2023,1,10,12,0,4.58,4.58,1561.0
2023,1,10,13,0,4.2,4.2,1561.0
2023,1,10,14,0,4.08,4.08,1561.0
2023,1,10,15,0,3.62,3.62,1561.0
2023,1,10,16,0,4.87,4.87,1561.0
2023,1,10,17,0,4.1,4.1,1561.0
2023,1,10,18,0,4.62,4.62,1561.0
2023,1,10,19,0,4.32,4.32,1561.0
2023,1,10,20,0,3.78,3.78,1561.0
2023,1,10,21,0,3.38,3.38,1561.0
2023,1,10,22,0,2.88,2.88,1561.0
2023,1,10,23,0,4.72,4.72,1561.0
2023,1,11,0,0,6.69,6.69,1561.0
2023,1,11,1,0,7.52,7.52,1561.0
2023,1,11,2,0,6.48,6.48,1561.0
2023,1,11,3,0,5.86,5.86,1561.0
2023,1,11,4,0,5.68,5.68,1561.0
2023,1,11,5,0,5.89,5.89,1561.0
2023,1,11,6,0,6.6000000000000005,6.6000000000000005,1561.0
2023,1,11,7,0,10.12,10.12,1561.0
2023,1,11,8,0,9.5,9.5,1561.0
2023,1,11,9,0,10.51,10.51,1561.0
2023,1,11,10,0,7.85,7.85,1561.0
2023,1,11,11,0,4.53,4.53,1561.0
2023,1,11,12,0,3.47,3.47,1561.0
2023,1,11,13,0,5.04,5.04,1561.0
2023,1,11,14,0,4.23,4.23,1561.0
2023,1,11,15,0,5.14,5.14,1561.0
2023,1,11,16,0,4.47,4.47,1561.0
2023,1,11,17,0,5.26,5.26,1561.0
2023,1,11,18,0,4.53,4.53,1561.0
2023,1,11,19,0,5.92,5.92,1561.0
2023,1,11,20,0,6.24,6.24,1561.0
2023,1,11,21,0,3.98,3.98,1561.0
2023,1,11,22,0,4.21,4.21,1561.0
2023,1,11,23,0,4.13,4.13,1561.0
2023,1,12,0,0,4.09,4.09,1561.0
2023,1,12,1,0,2.53,2.53,1561.0
2023,1,12,2,0,2.17,2.17,1561.0
2023,1,12,3,0,4.44,4.44,1561.0
2023,1,12,4,0,4.58,4.58,1561.0
2023,1,12,5,0,2.18,2.18,1561.0
2023,1,12,6,0,3.34,3.34,1561.0
2023,1,12,7,0,7.640000000000001,7.640000000000001,1561.0
2023,1,12,8,0,11.33,11.33,1561.0
2023,1,12,9,0,10.37,10.37,1561.0
2023,1,12,10,0,11.73,11.73,1561.0
2023,1,12,11,0,12.69,12.69,1561.0
2023,1,12,12,0,11.64,11.64,1561.0
2023,1,12,13,0,10.17,10.17,1561.0
2023,1,12,14,0,10.61,10.61,1561.0
2023,1,12,15,0,12.87,12.87,1561.0
2023,1,12,16,0,12.93,12.93,1561.0
2023,1,12,17,0,13.4,13.4,1561.0
2023,1,12,18,0,12.25,12.25,1561.0
2023,1,12,19,0,12.06,12.06,1561.0
2023,1,12,20,0,11.2,11.2,1561.0
2023,1,12,21,0,10.63,10.63,1561.0
2023,1,12,22,0,9.25,9.25,1561.0
2023,1,12,23,0,9.47,9.47,1561.0
2023,1,13,0,0,9.71,9.71,1561.0
2023,1,13,1,0,8.73,8.73,1561.0
2023,1,13,2,0,9.73,9.73,1561.0
2023,1,13,3,0,8.65,8.65,1561.0
2023,1,13,4,0,8.58,8.58,1561.0
2023,1,13,5,0,10.65,10.65,1561.0
2023,1,13,6,0,9.86,9.86,1561.0
2023,1,13,7,0,9.85,9.85,1561.0
2023,1,13,8,0,10.2,10.2,1561.0
2023,1,13,9,0,11.27,11.27,1561.0
2023,1,13,10,0,11.28,11.28,1561.0
2023,1,13,11,0,10.08,10.08,1561.0
2023,1,13,12,0,11.19,11.19,1561.0
2023,1,13,13,0,10.89,10.89,1561.0
2023,1,13,14,0,10.38,10.38,1561.0
2023,1,13,15,0,9.75,9.75,1561.0
2023,1,13,16,0,10.07,10.07,1561.0
2023,1,13,17,0,9.38,9.38,1561.0
2023,1,13,18,0,10.35,10.35,1561.0
2023,1,13,19,0,10.44,10.44,1561.0
2023,1,13,20,0,10.31,10.31,1561.0
2023,1,13,21,0,9.31,9.31,1561.0
2023,1,13,22,0,9.13,9.13,1561.0
2023,1,13,23,0,9.24,9.24,1561.0
2023,1,14,0,0,8.42,8.42,1561.0
2023,1,14,1,0,8.22,8.22,1561.0
2023,1,14,2,0,7.69,7.69,1561.0
2023,1,14,3,0,7.81,7.81,1561.0
2023,1,14,4,0,7.85,7.85,1561.0
2023,1,14,5,0,8.08,8.08,1561.0
2023,1,14,6,0,7.21,7.21,1561.0
2023,1,14,7,0,6.15,6.15,1561.0
2023,1,14,8,0,4.34,4.34,1561.0
2023,1,14,9,0,3.7,3.7,1561.0
2023,1,14,10,0,3.66,3.66,1561.0
2023,1,14,11,0,2.93,2.93,1561.0
2023,1,14,12,0,2.08,2.08,1561.0
2023,1,14,13,0,2.43,2.43,1561.0
2023,1,14,14,0,2.67,2.67,1561.0
2023,1,14,15,0,3.03,3.03,1561.0
2023,1,14,16,0,2.24,2.24,1561.0
2023,1,14,17,0,0.63,0.63,770.2342537424776
2023,1,14,18,0,2.14,2.14,1561.0
2023,1,14,19,0,2.42,2.42,1561.0
2023,1,14,20,0,3.0,3.0,1561.0
2023,1,14,21,0,2.68,2.68,1561.0
2023,1,14,22,0,3.33,3.33,1561.0
2023,1,14,23,0,3.88,3.88,1561.0
2023,1,15,0,0,4.46,4.46,1561.0
2023,1,15,1,0,3.41,3.41,1561.0
2023,1,15,2,0,3.97,3.97,1561.0
2023,1,15,3,0,4.17,4.17,1561.0
2023,1,15,4,0,6.09,6.09,1561.0
2023,1,15,5,0,6.55,6.55,1561.0
2023,1,15,6,0,7.81,7.81,1561.0
2023,1,15,7,0,7.79,7.79,1561.0
2023,1,15,8,0,8.950000000000001,8.950000000000001,1561.0
2023,1,15,9,0,9.48,9.48,1561.0
2023,1,15,10,0,8.290000000000001,8.290000000000001,1561.0
2023,1,15,11,0,8.35,8.35,1561.0
2023,1,15,12,0,7.7,7.7,1561.0
2023,1,15,13,0,7.69,7.69,1561.0
2023,1,15,14,0,7.9,7.9,1561.0
2023,1,15,15,0,8.16,8.16,1561.0
2023,1,15,16,0,8.45,8.45,1561.0
2023,1,15,17,0,9.21,9.21,1561.0
2023,1,15,18,0,9.9,9.9,1561.0
2023,1,15,19,0,10.38,10.38,1561.0
2023,1,15,20,0,11.42,11.42,1561.0
2023,1,15,21,0,11.95,11.95,1561.0
2023,1,15,22,0,12.29,12.29,1561.0
2023,1,15,23,0,10.18,10.18,1561.0
2023,1,16,0,0,11.47,11.47,1561.0
2023,1,16,1,0,11.8,11.8,1561.0
2023,1,16,2,0,11.4,11.4,1561.0
2023,1,16,3,0,11.47,11.47,1561.0
2023,1,16,4,0,11.59,11.59,1561.0
2023,1,16,5,0,11.45,11.45,1561.0
2023,1,16,6,0,11.51,11.51,1561.0
2023,1,16,7,0,11.9,11.9,1561.0
2023,1,16,8,0,10.43,10.43,1561.0
2023,1,16,9,0,11.24,11.24,1561.0
2023,1,16,10,0,11.8,11.8,1561.0
2023,1,16,11,0,10.88,10.88,1561.0
2023,1,16,12,0,9.27,9.27,1561.0
2023,1,16,13,0,9.85,9.85,1561.0
2023,1,16,14,0,8.22,8.22,1561.0
2023,1,16,15,0,8.77,8.77,1561.0
2023,1,16,16,0,9.74,9.74,1561.0
2023,1,16,17,0,11.84,11.84,1561.0
2023,1,16,18,0,10.01,10.01,1561.0
2023,1,16,19,0,10.79,10.79,1561.0
2023,1,16,20,0,11.44,11.44,1561.0
2023,1,16,21,0,11.77,11.77,1561.0
2023,1,16,22,0,12.33,12.33,1561.0
2023,1,16,23,0,11.95,11.95,1561.0
2023,1,17,0,0,11.33,11.33,1561.0
2023,1,17,1,0,11.55,11.55,1561.0
2023,1,17,2,0,11.07,11.07,1561.0
2023,1,17,3,0,9.61,9.61,1561.0
2023,1,17,4,0,10.96,10.96,1561.0
2023,1,17,5,0,10.66,10.66,1561.0
2023,1,17,6,0,10.66,10.66,1561.0
2023,1,17,7,0,11.62,11.62,1561.0
2023,1,17,8,0,11.01,11.01,1561.0
2023,1,17,9,0,11.32,11.32,1561.0
2023,1,17,10,0,10.58,10.58,1561.0
2023,1,17,11,0,10.63,10.63,1561.0
2023,1,17,12,0,10.69,10.69,1561.0
2023,1,17,13,0,10.45,10.45,1561.0
2023,1,17,14,0,10.24,10.24,1561.0
2023,1,17,15,0,10.27,10.27,1561.0
2023,1,17,16,0,9.85,9.85,1561.0
2023,1,17,17,0,10.62,10.62,1561.0
2023,1,17,18,0,9.77,9.77,1561.0
2023,1,17,19,0,9.65,9.65,1561.0
2023,1,17,20,0,10.38,10.38,1561.0
2023,1,17,21,0,8.89,8.89,1561.0
2023,1,17,22,0,8.69,8.69,1561.0
2023,1,17,23,0,8.48,8.48,1561.0
2023,1,18,0,0,8.69,8.69,1561.0
2023,1,18,1,0,7.96,7.96,1561.0
2023,1,18,2,0,7.0600000000000005,7.0600000000000005,1561.0
2023,1,18,3,0,6.09,6.09,1561.0
2023,1,18,4,0,5.12,5.12,1561.0
2023,1,18,5,0,4.11,4.11,1561.0
2023,1,18,6,0,5.86,5.86,1561.0
2023,1,18,7,0,3.69,3.69,1561.0
2023,1,18,8,0,2.69,2.69,1561.0
2023,1,18,9,0,4.07,4.07,1561.0
2023,1,18,10,0,2.02,2.02,1561.0
2023,1,18,11,0,1.73,1.73,1561.0
2023,1,18,12,0,2.5,2.5,1561.0
2023,1,18,13,0,3.61,3.61,1561.0
2023,1,18,14,0,4.71,4.71,1561.0
2023,1,18,15,0,5.75,5.75,1561.0
2023,1,18,16,0,6.63,6.63,1561.0
2023,1,18,17,0,6.5,6.5,1561.0
2023,1,18,18,0,9.23,9.23,1561.0
2023,1,18,19,0,11.36,11.36,1561.0
2023,1,18,20,0,12.59,12.59,1561.0
2023,1,18,21,0,11.38,11.38,1561.0
2023,1,18,22,0,9.21,9.21,1561.0
2023,1,18,23,0,10.92,10.92,1561.0
2023,1,19,0,0,10.71,10.71,1561.0
2023,1,19,1,0,10.64,10.64,1561.0
2023,1,19,2,0,8.2,8.2,1561.0
2023,1,19,3,0,8.620000000000001,8.620000000000001,1561.0
2023,1,19,4,0,12.28,12.28,1561.0
2023,1,19,5,0,10.04,10.04,1561.0
2023,1,19,6,0,10.25,10.25,1561.0
2023,1,19,7,0,9.63,9.63,1561.0
2023,1,19,8,0,10.17,10.17,1561.0
2023,1,19,9,0,8.6,8.6,1561.0
2023,1,19,10,0,8.02,8.02,1561.0
2023,1,19,11,0,7.67,7.67,1561.0
2023,1,19,12,0,8.48,8.48,1561.0
2023,1,19,13,0,8.49,8.49,1561.0
2023,1,19,14,0,10.75,10.75,1561.0
2023,1,19,15,0,15.11,15.11,1561.0
2023,1,19,16,0,13.87,13.87,1561.0
2023,1,19,17,0,14.66,14.66,1561.0
2023,1,19,18,0,15.33,15.33,1561.0
2023,1,19,19,0,14.84,14.84,1561.0
2023,1,19,20,0,12.65,12.65,1561.0
2023,1,19,21,0,13.14,13.14,1561.0
2023,1,19,22,0,13.69,13.69,1561.0
2023,1,19,23,0,12.86,12.86,1561.0
2023,1,20,0,0,12.37,12.37,1561.0
2023,1,20,1,0,12.63,12.63,1561.0
2023,1,20,2,0,11.34,11.34,1561.0
2023,1,20,3,0,11.42,11.42,1561.0
2023,1,20,4,0,11.11,11.11,1561.0
2023,1,20,5,0,11.09,11.09,1561.0
2023,1,20,6,0,10.9,10.9,1561.0
2023,1,20,7,0,10.12,10.12,1561.0
2023,1,20,8,0,10.83,10.83,1561.0
2023,1,20,9,0,10.9,10.9,1561.0
2023,1,20,10,0,10.31,10.31,1561.0
2023,1,20,11,0,10.56,10.56,1561.0
2023,1,20,12,0,9.85,9.85,1561.0
2023,1,20,13,0,10.62,10.62,1561.0
2023,1,20,14,0,10.0,10.0,1561.0
2023,1,20,15,0,9.37,9.37,1561.0
2023,1,20,16,0,8.63,8.63,1561.0
2023,1,20,17,0,8.35,8.35,1561.0
2023,1,20,18,0,8.69,8.69,1561.0
2023,1,20,19,0,7.81,7.81,1561.0
2023,1,20,20,0,6.5200000000000005,6.5200000000000005,1561.0
2023,1,20,21,0,5.0200000000000005,5.0200000000000005,1561.0
2023,1,20,22,0,5.88,5.88,1561.0
2023,1,20,23,0,5.36,5.36,1561.0
2023,1,21,0,0,5.34,5.34,1561.0
2023,1,21,1,0,3.23,3.23,1561.0
2023,1,21,2,0,4.57,4.57,1561.0
2023,1,21,3,0,5.74,5.74,1561.0
2023,1,21,4,0,3.81,3.81,1561.0
2023,1,21,5,0,3.53,3.53,1561.0
2023,1,21,6,0,3.87,3.87,1561.0
2023,1,21,7,0,4.59,4.59,1561.0
2023,1,21,8,0,3.47,3.47,1561.0
2023,1,21,9,0,3.5,3.5,1561.0
2023,1,21,10,0,3.9,3.9,1561.0
2023,1,21,11,0,2.9,2.9,1561.0
2023,1,21,12,0,4.15,4.15,1561.0
2023,1,21,13,0,3.93,3.93,1561.0
2023,1,21,14,0,3.5,3.5,1561.0
2023,1,21,15,0,3.58,3.58,1561.0
2023,1,21,16,0,3.27,3.27,1561.0
2023,1,21,17,0,3.41,3.41,1561.0
2023,1,21,18,0,2.86,2.86,1561.0
2023,1,21,19,0,3.19,3.19,1561.0
2023,1,21,20,0,2.4,2.4,1561.0
2023,1,21,21,0,3.46,3.46,1561.0
2023,1,21,22,0,2.65,2.65,1561.0
2023,1,21,23,0,1.7,1.7,1561.0
2023,1,22,0,0,1.7,1.7,1561.0
2023,1,22,1,0,2.5,2.5,1561.0
2023,1,22,2,0,3.7,3.7,1561.0
2023,1,22,3,0,3.06,3.06,1561.0
2023,1,22,4,0,3.64,3.64,1561.0
2023,1,22,5,0,4.36,4.36,1561.0
2023,1,22,6,0,2.43,2.43,1561.0
2023,1,22,7,0,4.0200000000000005,4.0200000000000005,1561.0
2023,1,22,8,0,4.09,4.09,1561.0
2023,1,22,9,0,3.95,3.95,1561.0
2023,1,22,10,0,4.46,4.46,1561.0
2023,1,22,11,0,0.18,0.18,17.964647317608804
2023,1,22,12,0,2.39,2.39,1561.0
2023,1,22,13,0,2.24,2.24,1561.0
2023,1,22,14,0,2.63,2.63,1561.0
2023,1,22,15,0,3.66,3.66,1561.0
2023,1,22,16,0,4.22,4.22,1561.0
2023,1,22,17,0,3.66,3.66,1561.0
2023,1,22,18,0,3.37,3.37,1561.0
2023,1,22,19,0,2.9,2.9,1561.0
2023,1,22,20,0,4.64,4.64,1561.0
2023,1,22,21,0,6.21,6.21,1561.0
2023,1,22,22,0,5.24,5.24,1561.0
2023,1,22,23,0,5.79,5.79,1561.0
2023,1,23,0,0,7.07,7.07,1561.0
2023,1,23,1,0,7.35,7.35,1561.0
2023,1,23,2,0,7.52,7.52,1561.0
2023,1,23,3,0,8.43,8.43,1561.0
2023,1,23,4,0,8.17,8.17,1561.0
2023,1,23,5,0,8.49,8.49,1561.0
2023,1,23,6,0,7.25,7.25,1561.0
2023,1,23,7,0,8.0,8.0,1561.0
2023,1,23,8,0,7.72,7.72,1561.0
2023,1,23,9,0,6.36,6.36,1561.0
2023,1,23,10,0,6.4,6.4,1561.0
2023,1,23,11,0,5.95,5.95,1561.0
2023,1,23,12,0,6.28,6.28,1561.0
2023,1,23,13,0,5.87,5.87,1561.0
2023,1,23,14,0,7.390000000000001,7.390000000000001,1561.0
2023,1,23,15,0,8.2,8.2,1561.0
2023,1,23,16,0,7.51,7.51,1561.0
2023,1,23,17,0,8.88,8.88,1561.0
2023,1,23,18,0,8.68,8.68,1561.0
2023,1,23,19,0,8.66,8.66,1561.0
2023,1,23,20,0,8.620000000000001,8.620000000000001,1561.0
2023,1,23,21,0,8.27,8.27,1561.0
2023,1,23,22,0,9.41,9.41,1561.0
2023,1,23,23,0,9.43,9.43,1561.0
2023,1,24,0,0,10.17,10.17,1561.0
2023,1,24,1,0,9.93,9.93,1561.0
2023,1,24,2,0,9.97,9.97,1561.0
2023,1,24,3,0,8.93,8.93,1561.0
2023,1,24,4,0,7.31,7.31,1561.0
2023,1,24,5,0,7.11,7.11,1561.0
2023,1,24,6,0,6.72,6.72,1561.0
2023,1,24,7,0,5.82,5.82,1561.0
2023,1,24,8,0,5.18,5.18,1561.0
2023,1,24,9,0,3.73,3.73,1561.0
2023,1,24,10,0,3.13,3.13,1561.0
2023,1,24,11,0,2.91,2.91,1561.0
2023,1,24,12,0,3.34,3.34,1561.0
2023,1,24,13,0,4.68,4.68,1561.0
2023,1,24,14,0,4.11,4.11,1561.0
2023,1,24,15,0,2.88,2.88,1561.0
2023,1,24,16,0,2.9,2.9,1561.0
2023,1,24,17,0,3.03,3.03,1561.0
2023,1,24,18,0,1.87,1.87,1561.0
2023,1,24,19,0,1.1,1.1,1561.0
2023,1,24,20,0,2.69,2.69,1561.0
2023,1,24,21,0,5.05,5.05,1561.0
2023,1,24,22,0,5.8500000000000005,5.8500000000000005,1561.0
2023,1,24,23,0,6.73,6.73,1561.0
2023,1,25,0,0,7.42,7.42,1561.0
2023,1,25,1,0,7.28,7.28,1561.0
2023,1,25,2,0,5.73,5.73,1561.0
2023,1,25,3,0,6.6000000000000005,6.6000000000000005,1561.0
2023,1,25,4,0,5.97,5.97,1561.0
2023,1,25,5,0,6.2700000000000005,6.2700000000000005,1561.0
2023,1,25,6,0,7.33,7.33,1561.0
2023,1,25,7,0,7.76,7.76,1561.0
2023,1,25,8,0,8.24,8.24,1561.0
2023,1,25,9,0,9.82,9.82,1561.0
2023,1,25,10,0,9.04,9.04,1561.0
2023,1,25,11,0,8.85,8.85,1561.0
2023,1,25,12,0,9.34,9.34,1561.0
2023,1,25,13,0,9.81,9.81,1561.0
2023,1,25,14,0,9.38,9.38,1561.0
2023,1,25,15,0,8.91,8.91,1561.0
2023,1,25,16,0,7.87,7.87,1561.0
2023,1,25,17,0,8.620000000000001,8.620000000000001,1561.0
2023,1,25,18,0,8.41,8.41,1561.0
2023,1,25,19,0,7.15,7.15,1561.0
2023,1,25,20,0,8.0,8.0,1561.0
2023,1,25,21,0,7.62,7.62,1561.0
2023,1,25,22,0,8.25,8.25,1561.0
2023,1,25,23,0,8.21,8.21,1561.0
2023,1,26,0,0,7.98,7.98,1561.0
2023,1,26,1,0,8.44,8.44,1561.0
2023,1,26,2,0,8.96,8.96,1561.0
2023,1,26,3,0,6.95,6.95,1561.0
2023,1,26,4,0,7.0600000000000005,7.0600000000000005,1561.0
2023,1,26,5,0,9.56,9.56,1561.0
2023,1,26,6,0,10.55,10.55,1561.0
2023,1,26,7,0,10.1,10.1,1561.0
2023,1,26,8,0,9.62,9.62,1561.0
2023,1,26,9,0,10.09,10.09,1561.0
2023,1,26,10,0,9.93,9.93,1561.0
2023,1,26,11,0,10.71,10.71,1561.0
2023,1,26,12,0,10.18,10.18,1561.0
2023,1,26,13,0,9.68,9.68,1561.0
2023,1,26,14,0,9.58,9.58,1561.0
2023,1,26,15,0,9.47,9.47,1561.0
2023,1,26,16,0,8.5,8.5,1561.0
2023,1,26,17,0,9.22,9.22,1561.0
2023,1,26,18,0,9.57,9.57,1561.0
2023,1,26,19,0,9.26,9.26,1561.0
2023,1,26,20,0,10.31,10.31,1561.0
2023,1,26,21,0,9.64,9.64,1561.0
2023,1,26,22,0,9.63,9.63,1561.0
2023,1,26,23,0,9.21,9.21,1561.0
2023,1,27,0,0,9.61,9.61,1561.0
2023,1,27,1,0,9.7,9.7,1561.0
2023,1,27,2,0,9.26,9.26,1561.0
2023,1,27,3,0,8.0,8.0,1561.0
2023,1,27,4,0,8.22,8.22,1561.0
2023,1,27,5,0,8.8,8.8,1561.0
2023,1,27,6,0,9.44,9.44,1561.0
2023,1,27,7,0,10.01,10.01,1561.0
2023,1,27,8,0,10.83,10.83,1561.0
2023,1,27,9,0,11.06,11.06,1561.0
2023,1,27,10,0,11.67,11.67,1561.0
2023,1,27,11,0,13.05,13.05,1561.0
2023,1,27,12,0,13.0,13.0,1561.0
2023,1,27,13,0,13.57,13.57,1561.0
2023,1,27,14,0,12.73,12.73,1561.0
2023,1,27,15,0,12.77,12.77,1561.0
2023,1,27,16,0,12.84,12.84,1561.0
2023,1,27,17,0,11.75,11.75,1561.0
2023,1,27,18,0,11.48,11.48,1561.0
2023,1,27,19,0,10.87,10.87,1561.0
2023,1,27,20,0,10.62,10.62,1561.0
2023,1,27,21,0,12.13,12.13,1561.0
2023,1,27,22,0,10.78,10.78,1561.0
2023,1,27,23,0,10.2,10.2,1561.0
2023,1,28,0,0,11.16,11.16,1561.0
2023,1,28,1,0,10.69,10.69,1561.0
2023,1,28,2,0,8.69,8.69,1561.0
2023,1,28,3,0,7.68,7.68,1561.0
2023,1,28,4,0,7.08,7.08,1561.0
2023,1,28,5,0,5.7,5.7,1561.0
2023,1,28,6,0,4.04,4.04,1561.0
2023,1,28,7,0,2.15,2.15,1561.0
2023,1,28,8,0,2.64,2.64,1561.0
2023,1,28,9,0,3.24,3.24,1561.0
2023,1,28,10,0,1.1,1.1,1561.0
2023,1,28,11,0,2.35,2.35,1561.0
2023,1,28,12,0,2.67,2.67,1561.0
2023,1,28,13,0,3.4,3.4,1561.0
2023,1,28,14,0,4.86,4.86,1561.0
2023,1,28,15,0,5.39,5.39,1561.0
2023,1,28,16,0,5.22,5.22,1561.0
2023,1,28,17,0,5.18,5.18,1561.0
2023,1,28,18,0,6.21,6.21,1561.0
2023,1,28,19,0,9.2,9.2,1561.0
2023,1,28,20,0,10.72,10.72,1561.0
2023,1,28,21,0,8.950000000000001,8.950000000000001,1561.0
2023,1,28,22,0,11.46,11.46,1561.0
2023,1,28,23,0,11.3,11.3,1561.0
2023,1,29,0,0,13.29,13.29,1561.0
2023,1,29,1,0,12.38,12.38,1561.0
2023,1,29,2,0,10.89,10.89,1561.0
2023,1,29,3,0,10.45,10.45,1561.0
2023,1,29,4,0,11.2,11.2,1561.0
2023,1,29,5,0,10.34,10.34,1561.0
2023,1,29,6,0,9.68,9.68,1561.0
2023,1,29,7,0,6.33,6.33,1561.0
2023,1,29,8,0,6.63,6.63,1561.0
2023,1,29,9,0,5.91,5.91,1561.0
2023,1,29,10,0,5.79,5.79,1561.0
2023,1,29,11,0,5.95,5.95,1561.0
2023,1,29,12,0,6.3500000000000005,6.3500000000000005,1561.0
2023,1,29,13,0,4.55,4.55,1561.0
2023,1,29,14,0,5.51,5.51,1561.0
2023,1,29,15,0,5.36,5.36,1561.0
2023,1,29,16,0,5.48,5.48,1561.0
2023,1,29,17,0,5.0,5.0,1561.0
2023,1,29,18,0,5.0,5.0,1561.0
2023,1,29,19,0,5.72,5.72,1561.0
2023,1,29,20,0,5.34,5.34,1561.0
2023,1,29,21,0,5.3100000000000005,5.3100000000000005,1561.0
2023,1,29,22,0,3.97,3.97,1561.0
2023,1,29,23,0,4.28,4.28,1561.0
2023,1,30,0,0,4.79,4.79,1561.0
2023,1,30,1,0,4.8,4.8,1561.0
2023,1,30,2,0,4.96,4.96,1561.0
2023,1,30,3,0,4.72,4.72,1561.0
2023,1,30,4,0,5.83,5.83,1561.0
2023,1,30,5,0,6.13,6.13,1561.0
2023,1,30,6,0,7.18,7.18,1561.0
2023,1,30,7,0,7.43,7.43,1561.0
2023,1,30,8,0,7.67,7.67,1561.0
2023,1,30,9,0,7.390000000000001,7.390000000000001,1561.0
2023,1,30,10,0,6.58,6.58,1561.0
2023,1,30,11,0,7.28,7.28,1561.0
2023,1,30,12,0,7.01,7.01,1561.0
2023,1,30,13,0,7.05,7.05,1561.0
2023,1,30,14,0,6.12,6.12,1561.0
2023,1,30,15,0,5.89,5.89,1561.0
2023,1,30,16,0,6.98,6.98,1561.0
2023,1,30,17,0,6.8100000000000005,6.8100000000000005,1561.0
2023,1,30,18,0,6.0600000000000005,6.0600000000000005,1561.0
2023,1,30,19,0,5.08,5.08,1561.0
2023,1,30,20,0,4.69,4.69,1561.0
2023,1,30,21,0,6.59,6.59,1561.0
2023,1,30,22,0,5.97,5.97,1561.0
2023,1,30,23,0,6.37,6.37,1561.0
2023,1,31,0,0,5.7,5.7,1561.0
2023,1,31,1,0,6.54,6.54,1561.0
2023,1,31,2,0,6.29,6.29,1561.0
2023,1,31,3,0,5.32,5.32,1561.0
2023,1,31,4,0,5.24,5.24,1561.0
2023,1,31,5,0,3.58,3.58,1561.0
2023,1,31,6,0,3.83,3.83,1561.0
2023,1,31,7,0,4.94,4.94,1561.0
2023,1,31,8,0,4.66,4.66,1561.0
2023,1,31,9,0,4.28,4.28,1561.0
2023,1,31,10,0,2.78,2.78,1561.0
2023,1,31,11,0,0.91,0.91,1561.0
2023,1,31,12,0,0.77,0.77,1406.2850366683645
2023,1,31,13,0,1.51,1.51,1561.0
2023,1,31,14,0,1.86,1.86,1561.0
2023,1,31,15,0,3.28,3.28,1561.0
2023,1,31,16,0,4.18,4.18,1561.0
2023,1,31,17,0,3.65,3.65,1561.0
2023,1,31,18,0,2.87,2.87,1561.0
2023,1,31,19,0,4.53,4.53,1561.0
2023,1,31,20,0,5.73,5.73,1561.0
2023,1,31,21,0,5.71,5.71,1561.0
2023,1,31,22,0,4.14,4.14,1561.0
2023,1,31,23,0,5.7700000000000005,5.7700000000000005,1561.0
2023,2,1,0,0,6.0600000000000005,6.0600000000000005,1561.0
2023,2,1,1,0,4.65,4.65,1561.0
2023,2,1,2,0,6.36,6.36,1561.0
2023,2,1,3,0,5.07,5.07,1561.0
2023,2,1,4,0,3.31,3.31,1561.0
2023,2,1,5,0,2.5,2.5,1561.0
2023,2,1,6,0,2.27,2.27,1561.0
2023,2,1,7,0,2.97,2.97,1561.0
2023,2,1,8,0,3.15,3.15,1561.0
2023,2,1,9,0,3.39,3.39,1561.0
2023,2,1,10,0,2.64,2.64,1561.0
2023,2,1,11,0,3.37,3.37,1561.0
2023,2,1,12,0,2.5500000000000003,2.5500000000000003,1561.0
2023,2,1,13,0,3.76,3.76,1561.0
2023,2,1,14,0,3.98,3.98,1561.0
2023,2,1,15,0,2.51,2.51,1561.0
2023,2,1,16,0,3.88,3.88,1561.0
2023,2,1,17,0,4.69,4.69,1561.0
2023,2,1,18,0,5.47,5.47,1561.0
2023,2,1,19,0,6.78,6.78,1561.0
2023,2,1,20,0,7.17,7.17,1561.0
2023,2,1,21,0,8.38,8.38,1561.0
2023,2,1,22,0,8.790000000000001,8.790000000000001,1561.0
2023,2,1,23,0,8.5,8.5,1561.0
2023,2,2,0,0,8.78,8.78,1561.0
2023,2,2,1,0,9.38,9.38,1561.0
2023,2,2,2,0,8.81,8.81,1561.0
2023,2,2,3,0,8.47,8.47,1561.0
2023,2,2,4,0,8.61,8.61,1561.0
2023,2,2,5,0,10.23,10.23,1561.0
2023,2,2,6,0,10.75,10.75,1561.0
2023,2,2,7,0,9.4,9.4,1561.0
2023,2,2,8,0,9.6,9.6,1561.0
2023,2,2,9,0,10.31,10.31,1561.0
2023,2,2,10,0,8.81,8.81,1561.0
2023,2,2,11,0,9.3,9.3,1561.0
2023,2,2,12,0,8.67,8.67,1561.0
2023,2,2,13,0,10.76,10.76,1561.0
2023,2,2,14,0,10.26,10.26,1561.0
2023,2,2,15,0,9.72,9.72,1561.0
2023,2,2,16,0,9.73,9.73,1561.0
2023,2,2,17,0,10.42,10.42,1561.0
2023,2,2,18,0,11.07,11.07,1561.0
2023,2,2,19,0,12.26,12.26,1561.0
2023,2,2,20,0,13.86,13.86,1561.0
2023,2,2,21,0,12.5,12.5,1561.0
2023,2,2,22,0,12.84,12.84,1561.0
2023,2,2,23,0,10.69,10.69,1561.0
2023,2,3,0,0,10.89,10.89,1561.0
2023,2,3,1,0,11.05,11.05,1561.0
2023,2,3,2,0,10.57,10.57,1561.0
2023,2,3,3,0,11.25,11.25,1561.0
2023,2,3,4,0,10.2,10.2,1561.0
2023,2,3,5,0,9.9,9.9,1561.0
2023,2,3,6,0,10.32,10.32,1561.0
2023,2,3,7,0,9.77,9.77,1561.0
2023,2,3,8,0,9.04,9.04,1561.0
2023,2,3,9,0,8.97,8.97,1561.0
2023,2,3,10,0,7.11,7.11,1561.0
2023,2,3,11,0,7.09,7.09,1561.0
2023,2,3,12,0,5.2700000000000005,5.2700000000000005,1561.0
2023,2,3,13,0,6.04,6.04,1561.0
2023,2,3,14,0,4.91,4.91,1561.0
2023,2,3,15,0,4.46,4.46,1561.0
2023,2,3,16,0,3.03,3.03,1561.0
2023,2,3,17,0,2.82,2.82,1561.0
2023,2,3,18,0,2.24,2.24,1561.0
2023,2,3,19,0,2.28,2.28,1561.0
2023,2,3,20,0,2.57,2.57,1561.0
2023,2,3,21,0,3.98,3.98,1561.0
2023,2,3,22,0,3.17,3.17,1561.0
2023,2,3,23,0,4.66,4.66,1561.0
2023,2,4,0,0,5.83,5.83,1561.0
2023,2,4,1,0,6.3500000000000005,6.3500000000000005,1561.0
2023,2,4,2,0,7.96,7.96,1561.0
2023,2,4,3,0,8.370000000000001,8.370000000000001,1561.0
2023,2,4,4,0,9.33,9.33,1561.0
2023,2,4,5,0,9.37,9.37,1561.0
2023,2,4,6,0,9.52,9.52,1561.0
2023,2,4,7,0,10.22,10.22,1561.0
2023,2,4,8,0,10.69,10.69,1561.0
2023,2,4,9,0,10.52,10.52,1561.0
2023,2,4,10,0,11.37,11.37,1561.0
2023,2,4,11,0,12.28,12.28,1561.0
2023,2,4,12,0,13.21,13.21,1561.0
2023,2,4,13,0,13.49,13.49,1561.0
2023,2,4,14,0,12.64,12.64,1561.0
2023,2,4,15,0,12.7,12.7,1561.0
2023,2,4,16,0,12.77,12.77,1561.0
2023,2,4,17,0,13.21,13.21,1561.0
2023,2,4,18,0,13.49,13.49,1561.0
2023,2,4,19,0,13.73,13.73,1561.0
2023,2,4,20,0,13.75,13.75,1561.0
2023,2,4,21,0,14.77,14.77,1561.0
2023,2,4,22,0,14.86,14.86,1561.0
2023,2,4,23,0,15.13,15.13,1561.0
2023,2,5,0,0,14.71,14.71,1561.0
2023,2,5,1,0,15.23,15.23,1561.0
2023,2,5,2,0,14.45,14.45,1561.0
2023,2,5,3,0,13.71,13.71,1561.0
2023,2,5,4,0,13.29,13.29,1561.0
2023,2,5,5,0,12.33,12.33,1561.0
2023,2,5,6,0,12.18,12.18,1561.0
2023,2,5,7,0,12.07,12.07,1561.0
2023,2,5,8,0,11.65,11.65,1561.0
2023,2,5,9,0,11.09,11.09,1561.0
2023,2,5,10,0,10.72,10.72,1561.0
2023,2,5,11,0,10.2,10.2,1561.0
2023,2,5,12,0,9.56,9.56,1561.0
2023,2,5,13,0,10.23,10.23,1561.0
2023,2,5,14,0,10.13,10.13,1561.0
2023,2,5,15,0,10.03,10.03,1561.0
2023,2,5,16,0,10.89,10.89,1561.0
2023,2,5,17,0,10.84,10.84,1561.0
2023,2,5,18,0,10.03,10.03,1561.0
2023,2,5,19,0,11.36,11.36,1561.0
2023,2,5,20,0,10.35,10.35,1561.0
2023,2,5,21,0,9.99,9.99,1561.0
2023,2,5,22,0,9.74,9.74,1561.0
2023,2,5,23,0,9.77,9.77,1561.0
2023,2,6,0,0,9.54,9.54,1561.0
2023,2,6,1,0,7.28,7.28,1561.0
2023,2,6,2,0,6.37,6.37,1561.0
2023,2,6,3,0,4.8100000000000005,4.8100000000000005,1561.0
2023,2,6,4,0,4.36,4.36,1561.0
2023,2,6,5,0,4.5,4.5,1561.0
2023,2,6,6,0,4.2700000000000005,4.2700000000000005,1561.0
2023,2,6,7,0,3.7,3.7,1561.0
2023,2,6,8,0,3.86,3.86,1561.0
2023,2,6,9,0,3.43,3.43,1561.0
2023,2,6,10,0,4.7,4.7,1561.0
2023,2,6,11,0,4.7,4.7,1561.0
2023,2,6,12,0,5.14,5.14,1561.0
2023,2,6,13,0,5.75,5.75,1561.0
2023,2,6,14,0,5.97,5.97,1561.0
2023,2,6,15,0,6.5600000000000005,6.5600000000000005,1561.0
2023,2,6,16,0,7.29,7.29,1561.0
2023,2,6,17,0,8.28,8.28,1561.0
2023,2,6,18,0,9.21,9.21,1561.0
2023,2,6,19,0,11.33,11.33,1561.0
2023,2,6,20,0,12.25,12.25,1561.0
2023,2,6,21,0,12.9,12.9,1561.0
2023,2,6,22,0,13.63,13.63,1561.0
2023,2,6,23,0,13.34,13.34,1561.0
2023,2,7,0,0,13.9,13.9,1561.0
2023,2,7,1,0,14.17,14.17,1561.0
2023,2,7,2,0,14.11,14.11,1561.0
2023,2,7,3,0,13.8,13.8,1561.0
2023,2,7,4,0,13.23,13.23,1561.0
2023,2,7,5,0,13.92,13.92,1561.0
2023,2,7,6,0,14.5,14.5,1561.0
2023,2,7,7,0,13.14,13.14,1561.0
2023,2,7,8,0,13.16,13.16,1561.0
2023,2,7,9,0,12.97,12.97,1561.0
2023,2,7,10,0,10.73,10.73,1561.0
2023,2,7,11,0,10.25,10.25,1561.0
2023,2,7,12,0,10.96,10.96,1561.0
2023,2,7,13,0,10.71,10.71,1561.0
2023,2,7,14,0,9.54,9.54,1561.0
2023,2,7,15,0,8.19,8.19,1561.0
2023,2,7,16,0,8.620000000000001,8.620000000000001,1561.0
2023,2,7,17,0,8.89,8.89,1561.0
2023,2,7,18,0,7.91,7.91,1561.0
2023,2,7,19,0,4.95,4.95,1561.0
2023,2,7,20,0,7.04,7.04,1561.0
2023,2,7,21,0,8.24,8.24,1561.0
2023,2,7,22,0,8.97,8.97,1561.0
2023,2,7,23,0,7.95,7.95,1561.0
2023,2,8,0,0,6.74,6.74,1561.0
2023,2,8,1,0,5.3100000000000005,5.3100000000000005,1561.0
2023,2,8,2,0,5.43,5.43,1561.0
2023,2,8,3,0,6.65,6.65,1561.0
2023,2,8,4,0,5.12,5.12,1561.0
2023,2,8,5,0,3.01,3.01,1561.0
2023,2,8,6,0,4.54,4.54,1561.0
2023,2,8,7,0,3.53,3.53,1561.0
2023,2,8,8,0,2.12,2.12,1561.0
2023,2,8,9,0,2.62,2.62,1561.0
2023,2,8,10,0,2.5500000000000003,2.5500000000000003,1561.0
2023,2,8,11,0,1.44,1.44,1561.0
2023,2,8,12,0,2.8000000000000003,2.8000000000000003,1561.0
2023,2,8,13,0,3.44,3.44,1561.0
2023,2,8,14,0,4.05,4.05,1561.0
2023,2,8,15,0,3.4,3.4,1561.0
2023,2,8,16,0,2.68,2.68,1561.0
2023,2,8,17,0,2.06,2.06,1561.0
2023,2,8,18,0,2.49,2.49,1561.0
2023,2,8,19,0,6.24,6.24,1561.0
2023,2,8,20,0,7.66,7.66,1561.0
2023,2,8,21,0,8.27,8.27,1561.0
2023,2,8,22,0,7.49,7.49,1561.0
2023,2,8,23,0,7.76,7.76,1561.0
2023,2,9,0,0,8.17,8.17,1561.0
2023,2,9,1,0,9.65,9.65,1561.0
2023,2,9,2,0,7.65,7.65,1561.0
2023,2,9,3,0,7.57,7.57,1561.0
2023,2,9,4,0,7.85,7.85,1561.0
2023,2,9,5,0,8.3,8.3,1561.0
2023,2,9,6,0,8.76,8.76,1561.0
2023,2,9,7,0,11.8,11.8,1561.0
2023,2,9,8,0,15.3,15.3,1561.0
2023,2,9,9,0,16.77,16.77,1561.0
2023,2,9,10,0,14.67,14.67,1561.0
2023,2,9,11,0,15.79,15.79,1561.0
2023,2,9,12,0,14.63,14.63,1561.0
2023,2,9,13,0,16.23,16.23,1561.0
2023,2,9,14,0,15.33,15.33,1561.0
2023,2,9,15,0,17.71,17.71,1561.0
2023,2,9,16,0,17.88,17.88,1561.0
2023,2,9,17,0,16.64,16.64,1561.0
2023,2,9,18,0,15.06,15.06,1561.0
2023,2,9,19,0,13.84,13.84,1561.0
2023,2,9,20,0,12.74,12.74,1561.0
2023,2,9,21,0,11.55,11.55,1561.0
2023,2,9,22,0,10.24,10.24,1561.0
2023,2,9,23,0,9.9,9.9,1561.0
2023,2,10,0,0,9.19,9.19,1561.0
2023,2,10,1,0,7.890000000000001,7.890000000000001,1561.0
2023,2,10,2,0,8.23,8.23,1561.0
2023,2,10,3,0,8.16,8.16,1561.0
2023,2,10,4,0,7.77,7.77,1561.0
2023,2,10,5,0,7.48,7.48,1561.0
2023,2,10,6,0,5.42,5.42,1561.0
2023,2,10,7,0,5.17,5.17,1561.0
2023,2,10,8,0,5.96,5.96,1561.0
2023,2,10,9,0,6.07,6.07,1561.0
2023,2,10,10,0,5.73,5.73,1561.0
2023,2,10,11,0,7.0200000000000005,7.0200000000000005,1561.0
2023,2,10,12,0,6.67,6.67,1561.0
2023,2,10,13,0,8.620000000000001,8.620000000000001,1561.0
2023,2,10,14,0,7.7,7.7,1561.0
2023,2,10,15,0,7.8,7.8,1561.0
2023,2,10,16,0,8.120000000000001,8.120000000000001,1561.0
2023,2,10,17,0,6.84,6.84,1561.0
2023,2,10,18,0,6.69,6.69,1561.0
2023,2,10,19,0,8.23,8.23,1561.0
2023,2,10,20,0,8.75,8.75,1561.0
2023,2,10,21,0,7.82,7.82,1561.0
2023,2,10,22,0,7.17,7.17,1561.0
2023,2,10,23,0,5.97,5.97,1561.0
2023,2,11,0,0,5.76,5.76,1561.0
2023,2,11,1,0,4.79,4.79,1561.0
2023,2,11,2,0,3.74,3.74,1561.0
2023,2,11,3,0,3.88,3.88,1561.0
2023,2,11,4,0,2.81,2.81,1561.0
2023,2,11,5,0,3.64,3.64,1561.0
2023,2,11,6,0,3.0700000000000003,3.0700000000000003,1561.0
2023,2,11,7,0,2.62,2.62,1561.0
2023,2,11,8,0,1.73,1.73,1561.0
2023,2,11,9,0,3.15,3.15,1561.0
2023,2,11,10,0,1.98,1.98,1561.0
2023,2,11,11,0,2.01,2.01,1561.0
2023,2,11,12,0,3.2,3.2,1561.0
2023,2,11,13,0,2.51,2.51,1561.0
2023,2,11,14,0,1.88,1.88,1561.0
2023,2,11,15,0,1.62,1.62,1561.0
2023,2,11,16,0,1.56,1.56,1561.0
2023,2,11,17,0,1.1,1.1,1561.0
2023,2,11,18,0,2.93,2.93,1561.0
2023,2,11,19,0,1.18,1.18,1561.0
2023,2,11,20,0,0.48,0.48,340.66294172650765
2023,2,11,21,0,1.42,1.42,1561.0
2023,2,11,22,0,0.26,0.26,54.14037058544108
2023,2,11,23,0,0.28,0.28,67.62001678946307
2023,2,12,0,0,1.83,1.83,1561.0
2023,2,12,1,0,0.99,0.99,1561.0
2023,2,12,2,0,0.87,0.87,1561.0
2023,2,12,3,0,0.3,0.3,83.16966350744816
2023,2,12,4,0,3.72,3.72,1561.0
2023,2,12,5,0,4.15,4.15,1561.0
2023,2,12,6,0,3.16,3.16,1561.0
2023,2,12,7,0,2.16,2.16,1561.0
2023,2,12,8,0,1.32,1.32,1561.0
2023,2,12,9,0,0.96,0.96,1561.0
2023,2,12,10,0,0.65,0.65,845.9432903975169
2023,2,12,11,0,0.86,0.86,1561.0
2023,2,12,12,0,0.47,0.47,319.8119990493997
2023,2,12,13,0,1.87,1.87,1561.0
2023,2,12,14,0,3.46,3.46,1561.0
2023,2,12,15,0,4.48,4.48,1561.0
2023,2,12,16,0,5.3100000000000005,5.3100000000000005,1561.0
2023,2,12,17,0,5.39,5.39,1561.0
2023,2,12,18,0,6.73,6.73,1561.0
2023,2,12,19,0,7.32,7.32,1561.0
2023,2,12,20,0,7.88,7.88,1561.0
2023,2,12,21,0,8.8,8.8,1561.0
2023,2,12,22,0,9.69,9.69,1561.0
2023,2,12,23,0,9.98,9.98,1561.0
2023,2,13,0,0,10.48,10.48,1561.0
2023,2,13,1,0,10.44,10.44,1561.0
2023,2,13,2,0,10.51,10.51,1561.0
2023,2,13,3,0,11.32,11.32,1561.0
2023,2,13,4,0,10.97,10.97,1561.0
2023,2,13,5,0,10.52,10.52,1561.0
2023,2,13,6,0,9.78,9.78,1561.0
2023,2,13,7,0,9.45,9.45,1561.0
2023,2,13,8,0,8.14,8.14,1561.0
2023,2,13,9,0,8.540000000000001,8.540000000000001,1561.0
2023,2,13,10,0,7.87,7.87,1561.0
2023,2,13,11,0,6.7700000000000005,6.7700000000000005,1561.0
2023,2,13,12,0,9.0,9.0,1561.0
2023,2,13,13,0,8.91,8.91,1561.0
2023,2,13,14,0,9.82,9.82,1561.0
2023,2,13,15,0,8.72,8.72,1561.0
2023,2,13,16,0,7.22,7.22,1561.0
2023,2,13,17,0,6.63,6.63,1561.0
2023,2,13,18,0,6.38,6.38,1561.0
2023,2,13,19,0,5.5,5.5,1561.0
2023,2,13,20,0,2.85,2.85,1561.0
2023,2,13,21,0,2.92,2.92,1561.0
2023,2,13,22,0,2.13,2.13,1561.0
2023,2,13,23,0,2.33,2.33,1561.0
2023,2,14,0,0,4.32,4.32,1561.0
2023,2,14,1,0,3.47,3.47,1561.0
2023,2,14,2,0,4.42,4.42,1561.0
2023,2,14,3,0,4.78,4.78,1561.0
2023,2,14,4,0,6.57,6.57,1561.0
2023,2,14,5,0,8.290000000000001,8.290000000000001,1561.0
2023,2,14,6,0,10.03,10.03,1561.0
2023,2,14,7,0,11.41,11.41,1561.0
2023,2,14,8,0,11.29,11.29,1561.0
2023,2,14,9,0,10.96,10.96,1561.0
2023,2,14,10,0,9.8,9.8,1561.0
2023,2,14,11,0,9.66,9.66,1561.0
2023,2,14,12,0,9.15,9.15,1561.0
2023,2,14,13,0,8.64,8.64,1561.0
2023,2,14,14,0,9.02,9.02,1561.0
2023,2,14,15,0,10.17,10.17,1561.0
2023,2,14,16,0,9.83,9.83,1561.0
2023,2,14,17,0,12.84,12.84,1561.0
2023,2,14,18,0,13.06,13.06,1561.0
2023,2,14,19,0,12.84,12.84,1561.0
2023,2,14,20,0,14.15,14.15,1561.0
2023,2,14,21,0,13.86,13.86,1561.0
2023,2,14,22,0,19.34,19.34,1561.0
2023,2,14,23,0,16.080000000000002,16.080000000000002,1561.0
2023,2,15,0,0,16.18,16.18,1561.0
2023,2,15,1,0,15.38,15.38,1561.0
2023,2,15,2,0,16.42,16.42,1561.0
2023,2,15,3,0,16.330000000000002,16.330000000000002,1561.0
2023,2,15,4,0,16.8,16.8,1561.0
2023,2,15,5,0,16.56,16.56,1561.0
2023,2,15,6,0,17.54,17.54,1561.0
2023,2,15,7,0,16.57,16.57,1561.0
2023,2,15,8,0,14.42,14.42,1561.0
2023,2,15,9,0,13.92,13.92,1561.0
2023,2,15,10,0,14.49,14.49,1561.0
2023,2,15,11,0,13.25,13.25,1561.0
2023,2,15,12,0,12.74,12.74,1561.0
2023,2,15,13,0,12.64,12.64,1561.0
2023,2,15,14,0,11.65,11.65,1561.0
2023,2,15,15,0,11.39,11.39,1561.0
2023,2,15,16,0,10.65,10.65,1561.0
2023,2,15,17,0,9.28,9.28,1561.0
2023,2,15,18,0,7.59,7.59,1561.0
2023,2,15,19,0,8.3,8.3,1561.0
2023,2,15,20,0,7.12,7.12,1561.0
2023,2,15,21,0,6.5,6.5,1561.0
2023,2,15,22,0,7.54,7.54,1561.0
2023,2,15,23,0,7.0600000000000005,7.0600000000000005,1561.0
2023,2,16,0,0,7.5,7.5,1561.0
2023,2,16,1,0,7.0,7.0,1561.0
2023,2,16,2,0,7.77,7.77,1561.0
2023,2,16,3,0,8.88,8.88,1561.0
2023,2,16,4,0,8.33,8.33,1561.0
2023,2,16,5,0,10.61,10.61,1561.0
2023,2,16,6,0,9.41,9.41,1561.0
2023,2,16,7,0,11.07,11.07,1561.0
2023,2,16,8,0,8.950000000000001,8.950000000000001,1561.0
2023,2,16,9,0,9.57,9.57,1561.0
2023,2,16,10,0,10.38,10.38,1561.0
2023,2,16,11,0,6.01,6.01,1561.0
2023,2,16,12,0,6.3,6.3,1561.0
2023,2,16,13,0,5.53,5.53,1561.0
2023,2,16,14,0,4.5200000000000005,4.5200000000000005,1561.0
2023,2,16,15,0,2.01,2.01,1561.0
2023,2,16,16,0,4.73,4.73,1561.0
2023,2,16,17,0,1.37,1.37,1561.0
2023,2,16,18,0,6.3,6.3,1561.0
2023,2,16,19,0,5.97,5.97,1561.0
2023,2,16,20,0,7.88,7.88,1561.0
2023,2,16,21,0,9.55,9.55,1561.0
2023,2,16,22,0,9.63,9.63,1561.0
2023,2,16,23,0,10.12,10.12,1561.0
2023,2,17,0,0,10.82,10.82,1561.0
2023,2,17,1,0,9.82,9.82,1561.0
2023,2,17,2,0,10.02,10.02,1561.0
2023,2,17,3,0,10.09,10.09,1561.0
2023,2,17,4,0,8.75,8.75,1561.0
2023,2,17,5,0,8.69,8.69,1561.0
2023,2,17,6,0,9.89,9.89,1561.0
2023,2,17,7,0,9.26,9.26,1561.0
2023,2,17,8,0,6.72,6.72,1561.0
2023,2,17,9,0,6.86,6.86,1561.0
2023,2,17,10,0,7.56,7.56,1561.0
2023,2,17,11,0,8.14,8.14,1561.0
2023,2,17,12,0,7.59,7.59,1561.0
2023,2,17,13,0,7.42,7.42,1561.0
2023,2,17,14,0,8.78,8.78,1561.0
2023,2,17,15,0,7.5,7.5,1561.0
2023,2,17,16,0,7.41,7.41,1561.0
2023,2,17,17,0,6.69,6.69,1561.0
2023,2,17,18,0,7.33,7.33,1561.0
2023,2,17,19,0,5.0200000000000005,5.0200000000000005,1561.0
2023,2,17,20,0,4.61,4.61,1561.0
2023,2,17,21,0,6.12,6.12,1561.0
2023,2,17,22,0,7.17,7.17,1561.0
2023,2,17,23,0,8.67,8.67,1561.0
2023,2,18,0,0,8.71,8.71,1561.0
2023,2,18,1,0,9.24,9.24,1561.0
2023,2,18,2,0,9.43,9.43,1561.0
2023,2,18,3,0,10.01,10.01,1561.0
2023,2,18,4,0,10.2,10.2,1561.0
2023,2,18,5,0,10.29,10.29,1561.0
2023,2,18,6,0,10.65,10.65,1561.0
2023,2,18,7,0,11.22,11.22,1561.0
2023,2,18,8,0,11.41,11.41,1561.0
2023,2,18,9,0,11.24,11.24,1561.0
2023,2,18,10,0,11.12,11.12,1561.0
2023,2,18,11,0,11.32,11.32,1561.0
2023,2,18,12,0,11.1,11.1,1561.0
2023,2,18,13,0,11.34,11.34,1561.0
2023,2,18,14,0,10.58,10.58,1561.0
2023,2,18,15,0,10.92,10.92,1561.0
2023,2,18,16,0,10.67,10.67,1561.0
2023,2,18,17,0,10.35,10.35,1561.0
2023,2,18,18,0,10.09,10.09,1561.0
2023,2,18,19,0,11.23,11.23,1561.0
2023,2,18,20,0,10.98,10.98,1561.0
2023,2,18,21,0,11.91,11.91,1561.0
2023,2,18,22,0,11.07,11.07,1561.0
2023,2,18,23,0,12.12,12.12,1561.0
2023,2,19,0,0,11.14,11.14,1561.0
2023,2,19,1,0,11.55,11.55,1561.0
2023,2,19,2,0,11.99,11.99,1561.0
2023,2,19,3,0,13.09,13.09,1561.0
2023,2,19,4,0,10.82,10.82,1561.0
2023,2,19,5,0,10.81,10.81,1561.0
2023,2,19,6,0,11.8,11.8,1561.0
2023,2,19,7,0,11.34,11.34,1561.0
2023,2,19,8,0,12.04,12.04,1561.0
2023,2,19,9,0,11.23,11.23,1561.0
2023,2,19,10,0,11.26,11.26,1561.0
2023,2,19,11,0,11.51,11.51,1561.0
2023,2,19,12,0,11.66,11.66,1561.0
2023,2,19,13,0,11.7,11.7,1561.0
2023,2,19,14,0,11.03,11.03,1561.0
2023,2,19,15,0,12.33,12.33,1561.0
2023,2,19,16,0,11.95,11.95,1561.0
2023,2,19,17,0,10.85,10.85,1561.0
2023,2,19,18,0,10.42,10.42,1561.0
2023,2,19,19,0,9.91,9.91,1561.0
2023,2,19,20,0,10.64,10.64,1561.0
2023,2,19,21,0,9.92,9.92,1561.0
2023,2,19,22,0,9.77,9.77,1561.0
2023,2,19,23,0,9.71,9.71,1561.0
2023,2,20,0,0,9.53,9.53,1561.0
2023,2,20,1,0,7.78,7.78,1561.0
2023,2,20,2,0,7.57,7.57,1561.0
2023,2,20,3,0,6.87,6.87,1561.0
2023,2,20,4,0,6.71,6.71,1561.0
2023,2,20,5,0,7.66,7.66,1561.0
2023,2,20,6,0,7.27,7.27,1561.0
2023,2,20,7,0,7.36,7.36,1561.0
2023,2,20,8,0,5.32,5.32,1561.0
2023,2,20,9,0,3.69,3.69,1561.0
2023,2,20,10,0,3.24,3.24,1561.0
2023,2,20,11,0,3.29,3.29,1561.0
2023,2,20,12,0,2.14,2.14,1561.0
2023,2,20,13,0,1.57,1.57,1561.0
2023,2,20,14,0,0.92,0.92,1561.0
2023,2,20,15,0,2.35,2.35,1561.0
2023,2,20,16,0,4.75,4.75,1561.0
2023,2,20,17,0,4.0600000000000005,4.0600000000000005,1561.0
2023,2,20,18,0,3.04,3.04,1561.0
2023,2,20,19,0,2.49,2.49,1561.0
2023,2,20,20,0,2.45,2.45,1561.0
2023,2,20,21,0,4.36,4.36,1561.0
2023,2,20,22,0,4.46,4.46,1561.0
2023,2,20,23,0,5.05,5.05,1561.0
2023,2,21,0,0,6.42,6.42,1561.0
2023,2,21,1,0,8.74,8.74,1561.0
2023,2,21,2,0,9.04,9.04,1561.0
2023,2,21,3,0,10.97,10.97,1561.0
2023,2,21,4,0,9.89,9.89,1561.0
2023,2,21,5,0,10.98,10.98,1561.0
2023,2,21,6,0,12.39,12.39,1561.0
2023,2,21,7,0,11.2,11.2,1561.0
2023,2,21,8,0,12.06,12.06,1561.0
2023,2,21,9,0,12.09,12.09,1561.0
2023,2,21,10,0,11.44,11.44,1561.0
2023,2,21,11,0,10.99,10.99,1561.0
2023,2,21,12,0,8.870000000000001,8.870000000000001,1561.0
2023,2,21,13,0,7.15,7.15,1561.0
2023,2,21,14,0,4.98,4.98,1561.0
2023,2,21,15,0,6.3100000000000005,6.3100000000000005,1561.0
2023,2,21,16,0,4.5600000000000005,4.5600000000000005,1561.0
2023,2,21,17,0,2.49,2.49,1561.0
2023,2,21,18,0,1.98,1.98,1561.0
2023,2,21,19,0,2.5500000000000003,2.5500000000000003,1561.0
2023,2,21,20,0,5.2,5.2,1561.0
2023,2,21,21,0,6.390000000000001,6.390000000000001,1561.0
2023,2,21,22,0,7.96,7.96,1561.0
2023,2,21,23,0,9.22,9.22,1561.0
2023,2,22,0,0,8.790000000000001,8.790000000000001,1561.0
2023,2,22,1,0,9.22,9.22,1561.0
2023,2,22,2,0,8.23,8.23,1561.0
2023,2,22,3,0,10.24,10.24,1561.0
2023,2,22,4,0,10.32,10.32,1561.0
2023,2,22,5,0,9.21,9.21,1561.0
2023,2,22,6,0,5.64,5.64,1561.0
2023,2,22,7,0,7.27,7.27,1561.0
2023,2,22,8,0,11.34,11.34,1561.0
2023,2,22,9,0,6.68,6.68,1561.0
2023,2,22,10,0,4.69,4.69,1561.0
2023,2,22,11,0,5.58,5.58,1561.0
2023,2,22,12,0,5.63,5.63,1561.0
2023,2,22,13,0,7.51,7.51,1561.0
2023,2,22,14,0,8.6,8.6,1561.0
2023,2,22,15,0,7.43,7.43,1561.0
2023,2,22,16,0,9.1,9.1,1561.0
2023,2,22,17,0,5.3100000000000005,5.3100000000000005,1561.0
2023,2,22,18,0,4.65,4.65,1561.0
2023,2,22,19,0,3.71,3.71,1561.0
2023,2,22,20,0,6.11,6.11,1561.0
2023,2,22,21,0,4.59,4.59,1561.0
2023,2,22,22,0,4.38,4.38,1561.0
2023,2,22,23,0,4.03,4.03,1561.0
2023,2,23,0,0,1.87,1.87,1561.0
2023,2,23,1,0,3.01,3.01,1561.0
2023,2,23,2,0,4.71,4.71,1561.0
2023,2,23,3,0,4.59,4.59,1561.0
2023,2,23,4,0,8.42,8.42,1561.0
2023,2,23,5,0,9.85,9.85,1561.0
2023,2,23,6,0,12.78,12.78,1561.0
2023,2,23,7,0,11.7,11.7,1561.0
2023,2,23,8,0,11.44,11.44,1561.0
2023,2,23,9,0,13.09,13.09,1561.0
2023,2,23,10,0,12.31,12.31,1561.0
2023,2,23,11,0,12.1,12.1,1561.0
2023,2,23,12,0,13.04,13.04,1561.0
2023,2,23,13,0,12.33,12.33,1561.0
2023,2,23,14,0,12.68,12.68,1561.0
2023,2,23,15,0,13.41,13.41,1561.0
2023,2,23,16,0,11.85,11.85,1561.0
2023,2,23,17,0,12.36,12.36,1561.0
2023,2,23,18,0,11.75,11.75,1561.0
2023,2,23,19,0,11.92,11.92,1561.0
2023,2,23,20,0,10.89,10.89,1561.0
2023,2,23,21,0,10.58,10.58,1561.0
2023,2,23,22,0,10.67,10.67,1561.0
2023,2,23,23,0,11.32,11.32,1561.0
2023,2,24,0,0,11.24,11.24,1561.0
2023,2,24,1,0,10.67,10.67,1561.0
2023,2,24,2,0,10.76,10.76,1561.0
2023,2,24,3,0,9.41,9.41,1561.0
2023,2,24,4,0,7.86,7.86,1561.0
2023,2,24,5,0,7.23,7.23,1561.0
2023,2,24,6,0,5.39,5.39,1561.0
2023,2,24,7,0,6.67,6.67,1561.0
2023,2,24,8,0,4.87,4.87,1561.0
2023,2,24,9,0,5.3100000000000005,5.3100000000000005,1561.0
2023,2,24,10,0,3.27,3.27,1561.0
2023,2,24,11,0,5.11,5.11,1561.0
2023,2,24,12,0,5.1000000000000005,5.1000000000000005,1561.0
2023,2,24,13,0,4.48,4.48,1561.0
2023,2,24,14,0,3.98,3.98,1561.0
2023,2,24,15,0,3.99,3.99,1561.0
2023,2,24,16,0,3.68,3.68,1561.0
2023,2,24,17,0,3.3200000000000003,3.3200000000000003,1561.0
2023,2,24,18,0,4.69,4.69,1561.0
2023,2,24,19,0,4.94,4.94,1561.0
2023,2,24,20,0,4.83,4.83,1561.0
2023,2,24,21,0,5.68,5.68,1561.0
2023,2,24,22,0,5.78,5.78,1561.0
2023,2,24,23,0,6.67,6.67,1561.0
2023,2,25,0,0,8.1,8.1,1561.0
2023,2,25,1,0,6.390000000000001,6.390000000000001,1561.0
2023,2,25,2,0,5.46,5.46,1561.0
2023,2,25,3,0,6.12,6.12,1561.0
2023,2,25,4,0,4.11,4.11,1561.0
2023,2,25,5,0,4.94,4.94,1561.0
2023,2,25,6,0,3.5700000000000003,3.5700000000000003,1561.0
2023,2,25,7,0,3.17,3.17,1561.0
2023,2,25,8,0,4.18,4.18,1561.0
2023,2,25,9,0,3.4,3.4,1561.0
2023,2,25,10,0,4.28,4.28,1561.0
2023,2,25,11,0,5.5200000000000005,5.5200000000000005,1561.0
2023,2,25,12,0,4.32,4.32,1561.0
2023,2,25,13,0,5.25,5.25,1561.0
2023,2,25,14,0,4.29,4.29,1561.0
2023,2,25,15,0,4.3,4.3,1561.0
2023,2,25,16,0,3.38,3.38,1561.0
2023,2,25,17,0,4.41,4.41,1561.0
2023,2,25,18,0,4.3100000000000005,4.3100000000000005,1561.0
2023,2,25,19,0,4.13,4.13,1561.0
2023,2,25,20,0,3.76,3.76,1561.0
2023,2,25,21,0,4.99,4.99,1561.0
2023,2,25,22,0,7.12,7.12,1561.0
2023,2,25,23,0,6.43,6.43,1561.0
2023,2,26,0,0,7.46,7.46,1561.0
2023,2,26,1,0,7.35,7.35,1561.0
2023,2,26,2,0,7.43,7.43,1561.0
2023,2,26,3,0,6.43,6.43,1561.0
2023,2,26,4,0,6.9,6.9,1561.0
2023,2,26,5,0,6.2700000000000005,6.2700000000000005,1561.0
2023,2,26,6,0,6.91,6.91,1561.0
2023,2,26,7,0,7.96,7.96,1561.0
2023,2,26,8,0,7.57,7.57,1561.0
2023,2,26,9,0,5.55,5.55,1561.0
2023,2,26,10,0,3.19,3.19,1561.0
2023,2,26,11,0,3.43,3.43,1561.0
2023,2,26,12,0,3.82,3.82,1561.0
2023,2,26,13,0,3.35,3.35,1561.0
2023,2,26,14,0,2.4,2.4,1561.0
2023,2,26,15,0,0.76,0.76,1352.2031928831693
2023,2,26,16,0,1.45,1.45,1561.0
2023,2,26,17,0,1.95,1.95,1561.0
2023,2,26,18,0,1.52,1.52,1561.0
2023,2,26,19,0,1.32,1.32,1561.0
2023,2,26,20,0,5.23,5.23,1561.0
2023,2,26,21,0,7.4,7.4,1561.0
2023,2,26,22,0,8.32,8.32,1561.0
2023,2,26,23,0,9.14,9.14,1561.0
2023,2,27,0,0,10.49,10.49,1561.0
2023,2,27,1,0,9.47,9.47,1561.0
2023,2,27,2,0,11.32,11.32,1561.0
2023,2,27,3,0,9.61,9.61,1561.0
2023,2,27,4,0,8.93,8.93,1561.0
2023,2,27,5,0,11.06,11.06,1561.0
2023,2,27,6,0,11.9,11.9,1561.0
2023,2,27,7,0,13.42,13.42,1561.0
2023,2,27,8,0,13.97,13.97,1561.0
2023,2,27,9,0,13.09,13.09,1561.0
2023,2,27,10,0,16.35,16.35,1561.0
2023,2,27,11,0,15.95,15.95,1561.0
2023,2,27,12,0,9.71,9.71,1561.0
2023,2,27,13,0,12.09,12.09,1561.0
2023,2,27,14,0,15.32,15.32,1561.0
2023,2,27,15,0,11.69,11.69,1561.0
2023,2,27,16,0,13.48,13.48,1561.0
2023,2,27,17,0,12.82,12.82,1561.0
2023,2,27,18,0,12.3,12.3,1561.0
2023,2,27,19,0,13.95,13.95,1561.0
2023,2,27,20,0,13.72,13.72,1561.0
2023,2,27,21,0,13.74,13.74,1561.0
2023,2,27,22,0,14.3,14.3,1561.0
2023,2,27,23,0,13.34,13.34,1561.0
2023,2,28,0,0,13.72,13.72,1561.0
2023,2,28,1,0,11.74,11.74,1561.0
2023,2,28,2,0,10.65,10.65,1561.0
2023,2,28,3,0,9.64,9.64,1561.0
2023,2,28,4,0,8.66,8.66,1561.0
2023,2,28,5,0,8.69,8.69,1561.0
2023,2,28,6,0,7.33,7.33,1561.0
2023,2,28,7,0,6.29,6.29,1561.0
2023,2,28,8,0,5.43,5.43,1561.0
2023,2,28,9,0,5.83,5.83,1561.0
2023,2,28,10,0,4.04,4.04,1561.0
2023,2,28,11,0,4.01,4.01,1561.0
2023,2,28,12,0,2.14,2.14,1561.0
2023,2,28,13,0,0.89,0.89,1561.0
2023,2,28,14,0,1.74,1.74,1561.0
2023,2,28,15,0,2.84,2.84,1561.0
2023,2,28,16,0,3.77,3.77,1561.0
2023,2,28,17,0,4.7,4.7,1561.0
2023,2,28,18,0,5.53,5.53,1561.0
2023,2,28,19,0,7.5,7.5,1561.0
2023,2,28,20,0,9.29,9.29,1561.0
2023,2,28,21,0,9.64,9.64,1561.0
2023,2,28,22,0,10.43,10.43,1561.0
2023,2,28,23,0,10.03,10.03,1561.0
2023,3,1,0,0,10.58,10.58,1561.0
2023,3,1,1,0,9.62,9.62,1561.0
2023,3,1,2,0,9.4,9.4,1561.0
2023,3,1,3,0,10.27,10.27,1561.0
2023,3,1,4,0,8.76,8.76,1561.0
2023,3,1,5,0,5.19,5.19,1561.0
2023,3,1,6,0,3.42,3.42,1561.0
2023,3,1,7,0,4.5600000000000005,4.5600000000000005,1561.0
2023,3,1,8,0,6.11,6.11,1561.0
2023,3,1,9,0,5.29,5.29,1561.0
2023,3,1,10,0,2.87,2.87,1561.0
2023,3,1,11,0,1.65,1.65,1561.0
2023,3,1,12,0,2.73,2.73,1561.0
2023,3,1,13,0,1.79,1.79,1561.0
2023,3,1,14,0,3.29,3.29,1561.0
2023,3,1,15,0,4.26,4.26,1561.0
2023,3,1,16,0,5.65,5.65,1561.0
2023,3,1,17,0,6.44,6.44,1561.0
2023,3,1,18,0,6.32,6.32,1561.0
2023,3,1,19,0,7.59,7.59,1561.0
2023,3,1,20,0,9.06,9.06,1561.0
2023,3,1,21,0,8.06,8.06,1561.0
2023,3,1,22,0,3.83,3.83,1561.0
2023,3,1,23,0,4.95,4.95,1561.0
2023,3,2,0,0,9.23,9.23,1561.0
2023,3,2,1,0,8.84,8.84,1561.0
2023,3,2,2,0,11.08,11.08,1561.0
2023,3,2,3,0,9.22,9.22,1561.0
2023,3,2,4,0,7.7,7.7,1561.0
2023,3,2,5,0,6.95,6.95,1561.0
2023,3,2,6,0,8.19,8.19,1561.0
2023,3,2,7,0,8.38,8.38,1561.0
2023,3,2,8,0,8.27,8.27,1561.0
2023,3,2,9,0,6.3,6.3,1561.0
2023,3,2,10,0,7.94,7.94,1561.0
2023,3,2,11,0,5.68,5.68,1561.0
2023,3,2,12,0,5.25,5.25,1561.0
2023,3,2,13,0,4.24,4.24,1561.0
2023,3,2,14,0,4.4,4.4,1561.0
2023,3,2,15,0,4.44,4.44,1561.0
2023,3,2,16,0,5.24,5.24,1561.0
2023,3,2,17,0,5.0600000000000005,5.0600000000000005,1561.0
2023,3,2,18,0,5.92,5.92,1561.0
2023,3,2,19,0,7.01,7.01,1561.0
2023,3,2,20,0,7.81,7.81,1561.0
2023,3,2,21,0,8.27,8.27,1561.0
2023,3,2,22,0,5.91,5.91,1561.0
2023,3,2,23,0,7.390000000000001,7.390000000000001,1561.0
2023,3,3,0,0,8.1,8.1,1561.0
2023,3,3,1,0,7.9,7.9,1561.0
2023,3,3,2,0,7.46,7.46,1561.0
2023,3,3,3,0,8.32,8.32,1561.0
2023,3,3,4,0,8.73,8.73,1561.0
2023,3,3,5,0,9.08,9.08,1561.0
2023,3,3,6,0,10.26,10.26,1561.0
2023,3,3,7,0,10.66,10.66,1561.0
2023,3,3,8,0,10.2,10.2,1561.0
2023,3,3,9,0,10.58,10.58,1561.0
2023,3,3,10,0,12.11,12.11,1561.0
2023,3,3,11,0,14.3,14.3,1561.0
2023,3,3,12,0,18.21,18.21,1561.0
2023,3,3,13,0,14.81,14.81,1561.0
2023,3,3,14,0,18.35,18.35,1561.0
2023,3,3,15,0,18.46,18.46,1561.0
2023,3,3,16,0,16.86,16.86,1561.0
2023,3,3,17,0,17.96,17.96,1561.0
2023,3,3,18,0,18.87,18.87,1561.0
2023,3,3,19,0,19.01,19.01,1561.0
2023,3,3,20,0,16.01,16.01,1561.0
2023,3,3,21,0,14.78,14.78,1561.0
2023,3,3,22,0,13.17,13.17,1561.0
2023,3,3,23,0,13.54,13.54,1561.0
2023,3,4,0,0,11.65,11.65,1561.0
2023,3,4,1,0,11.68,11.68,1561.0
2023,3,4,2,0,9.64,9.64,1561.0
2023,3,4,3,0,8.82,8.82,1561.0
2023,3,4,4,0,7.16,7.16,1561.0
2023,3,4,5,0,6.83,6.83,1561.0
2023,3,4,6,0,4.16,4.16,1561.0
2023,3,4,7,0,4.82,4.82,1561.0
2023,3,4,8,0,3.5700000000000003,3.5700000000000003,1561.0
2023,3,4,9,0,3.96,3.96,1561.0
2023,3,4,10,0,3.79,3.79,1561.0
2023,3,4,11,0,3.81,3.81,1561.0
2023,3,4,12,0,3.53,3.53,1561.0
2023,3,4,13,0,3.34,3.34,1561.0
2023,3,4,14,0,3.99,3.99,1561.0
2023,3,4,15,0,4.2,4.2,1561.0
2023,3,4,16,0,4.5,4.5,1561.0
2023,3,4,17,0,5.93,5.93,1561.0
2023,3,4,18,0,4.01,4.01,1561.0
2023,3,4,19,0,6.0,6.0,1561.0
2023,3,4,20,0,10.16,10.16,1561.0
2023,3,4,21,0,9.88,9.88,1561.0
2023,3,4,22,0,8.8,8.8,1561.0
2023,3,4,23,0,8.0,8.0,1561.0
2023,3,5,0,0,7.12,7.12,1561.0
2023,3,5,1,0,5.46,5.46,1561.0
2023,3,5,2,0,5.61,5.61,1561.0
2023,3,5,3,0,4.57,4.57,1561.0
2023,3,5,4,0,4.64,4.64,1561.0
2023,3,5,5,0,4.9,4.9,1561.0
2023,3,5,6,0,2.25,2.25,1561.0
2023,3,5,7,0,1.18,1.18,1561.0
2023,3,5,8,0,2.45,2.45,1561.0
2023,3,5,9,0,2.69,2.69,1561.0
2023,3,5,10,0,1.66,1.66,1561.0
2023,3,5,11,0,3.5,3.5,1561.0
2023,3,5,12,0,3.78,3.78,1561.0
2023,3,5,13,0,4.21,4.21,1561.0
2023,3,5,14,0,3.63,3.63,1561.0
2023,3,5,15,0,3.87,3.87,1561.0
2023,3,5,16,0,4.19,4.19,1561.0
2023,3,5,17,0,5.08,5.08,1561.0
2023,3,5,18,0,6.33,6.33,1561.0
2023,3,5,19,0,8.6,8.6,1561.0
2023,3,5,20,0,10.4,10.4,1561.0
2023,3,5,21,0,11.43,11.43,1561.0
2023,3,5,22,0,11.4,11.4,1561.0
2023,3,5,23,0,10.78,10.78,1561.0
2023,3,6,0,0,10.43,10.43,1561.0
2023,3,6,1,0,10.52,10.52,1561.0
2023,3,6,2,0,10.81,10.81,1561.0
2023,3,6,3,0,11.9,11.9,1561.0
2023,3,6,4,0,10.24,10.24,1561.0
2023,3,6,5,0,6.88,6.88,1561.0
2023,3,6,6,0,11.55,11.55,1561.0
2023,3,6,7,0,10.48,10.48,1561.0
2023,3,6,8,0,9.21,9.21,1561.0
2023,3,6,9,0,7.65,7.65,1561.0
2023,3,6,10,0,7.01,7.01,1561.0
2023,3,6,11,0,5.5,5.5,1561.0
2023,3,6,12,0,4.2700000000000005,4.2700000000000005,1561.0
2023,3,6,13,0,4.96,4.96,1561.0
2023,3,6,14,0,4.6000000000000005,4.6000000000000005,1561.0
2023,3,6,15,0,4.19,4.19,1561.0
2023,3,6,16,0,6.9,6.9,1561.0
2023,3,6,17,0,6.45,6.45,1561.0
2023,3,6,18,0,5.37,5.37,1561.0
2023,3,6,19,0,4.6000000000000005,4.6000000000000005,1561.0
2023,3,6,20,0,8.93,8.93,1561.0
2023,3,6,21,0,9.35,9.35,1561.0
2023,3,6,22,0,8.08,8.08,1561.0
2023,3,6,23,0,8.42,8.42,1561.0
2023,3,7,0,0,10.1,10.1,1561.0
2023,3,7,1,0,9.99,9.99,1561.0
2023,3,7,2,0,9.8,9.8,1561.0
2023,3,7,3,0,10.32,10.32,1561.0
2023,3,7,4,0,10.43,10.43,1561.0
2023,3,7,5,0,9.82,9.82,1561.0
2023,3,7,6,0,10.28,10.28,1561.0
2023,3,7,7,0,8.540000000000001,8.540000000000001,1561.0
2023,3,7,8,0,8.620000000000001,8.620000000000001,1561.0
2023,3,7,9,0,8.84,8.84,1561.0
2023,3,7,10,0,10.03,10.03,1561.0
2023,3,7,11,0,8.77,8.77,1561.0
2023,3,7,12,0,7.66,7.66,1561.0
2023,3,7,13,0,6.96,6.96,1561.0
2023,3,7,14,0,7.0600000000000005,7.0600000000000005,1561.0
2023,3,7,15,0,8.47,8.47,1561.0
2023,3,7,16,0,7.88,7.88,1561.0
2023,3,7,17,0,8.33,8.33,1561.0
2023,3,7,18,0,8.41,8.41,1561.0
2023,3,7,19,0,9.19,9.19,1561.0
2023,3,7,20,0,10.48,10.48,1561.0
2023,3,7,21,0,10.16,10.16,1561.0
2023,3,7,22,0,9.95,9.95,1561.0
2023,3,7,23,0,9.74,9.74,1561.0
2023,3,8,0,0,8.64,8.64,1561.0
2023,3,8,1,0,8.01,8.01,1561.0
2023,3,8,2,0,7.640000000000001,7.640000000000001,1561.0
2023,3,8,3,0,9.08,9.08,1561.0
2023,3,8,4,0,9.32,9.32,1561.0
2023,3,8,5,0,9.27,9.27,1561.0
2023,3,8,6,0,8.81,8.81,1561.0
2023,3,8,7,0,8.8,8.8,1561.0
2023,3,8,8,0,6.9,6.9,1561.0
2023,3,8,9,0,8.72,8.72,1561.0
2023,3,8,10,0,8.950000000000001,8.950000000000001,1561.0
2023,3,8,11,0,8.32,8.32,1561.0
2023,3,8,12,0,7.18,7.18,1561.0
2023,3,8,13,0,7.09,7.09,1561.0
2023,3,8,14,0,7.84,7.84,1561.0
2023,3,8,15,0,7.41,7.41,1561.0
2023,3,8,16,0,7.79,7.79,1561.0
2023,3,8,17,0,8.03,8.03,1561.0
2023,3,8,18,0,8.85,8.85,1561.0
2023,3,8,19,0,9.81,9.81,1561.0
2023,3,8,20,0,10.22,10.22,1561.0
2023,3,8,21,0,9.26,9.26,1561.0
2023,3,8,22,0,11.24,11.24,1561.0
2023,3,8,23,0,11.14,11.14,1561.0
2023,3,9,0,0,10.24,10.24,1561.0
2023,3,9,1,0,8.34,8.34,1561.0
2023,3,9,2,0,9.23,9.23,1561.0
2023,3,9,3,0,8.870000000000001,8.870000000000001,1561.0
2023,3,9,4,0,8.42,8.42,1561.0
2023,3,9,5,0,7.67,7.67,1561.0
2023,3,9,6,0,7.7,7.7,1561.0
2023,3,9,7,0,9.3,9.3,1561.0
2023,3,9,8,0,7.59,7.59,1561.0
2023,3,9,9,0,7.63,7.63,1561.0
2023,3,9,10,0,7.3,7.3,1561.0
2023,3,9,11,0,7.09,7.09,1561.0
2023,3,9,12,0,6.47,6.47,1561.0
2023,3,9,13,0,7.21,7.21,1561.0
2023,3,9,14,0,7.63,7.63,1561.0
2023,3,9,15,0,7.54,7.54,1561.0
2023,3,9,16,0,9.19,9.19,1561.0
2023,3,9,17,0,6.5600000000000005,6.5600000000000005,1561.0
2023,3,9,18,0,9.84,9.84,1561.0
2023,3,9,19,0,10.49,10.49,1561.0
2023,3,9,20,0,10.39,10.39,1561.0
2023,3,9,21,0,11.15,11.15,1561.0
2023,3,9,22,0,10.5,10.5,1561.0
2023,3,9,23,0,8.950000000000001,8.950000000000001,1561.0
2023,3,10,0,0,7.0,7.0,1561.0
2023,3,10,1,0,5.84,5.84,1561.0
2023,3,10,2,0,4.16,4.16,1561.0
2023,3,10,3,0,4.0600000000000005,4.0600000000000005,1561.0
2023,3,10,4,0,3.02,3.02,1561.0
2023,3,10,5,0,2.75,2.75,1561.0
2023,3,10,6,0,3.41,3.41,1561.0
2023,3,10,7,0,5.72,5.72,1561.0
2023,3,10,8,0,8.33,8.33,1561.0
2023,3,10,9,0,11.21,11.21,1561.0
2023,3,10,10,0,11.62,11.62,1561.0
2023,3,10,11,0,10.26,10.26,1561.0
2023,3,10,12,0,10.28,10.28,1561.0
2023,3,10,13,0,11.23,11.23,1561.0
2023,3,10,14,0,9.44,9.44,1561.0
2023,3,10,15,0,10.2,10.2,1561.0
2023,3,10,16,0,9.58,9.58,1561.0
2023,3,10,17,0,9.1,9.1,1561.0
2023,3,10,18,0,8.67,8.67,1561.0
2023,3,10,19,0,7.97,7.97,1561.0
2023,3,10,20,0,7.46,7.46,1561.0
2023,3,10,21,0,7.47,7.47,1561.0
2023,3,10,22,0,6.29,6.29,1561.0
2023,3,10,23,0,6.890000000000001,6.890000000000001,1561.0
2023,3,11,0,0,6.09,6.09,1561.0
2023,3,11,1,0,7.76,7.76,1561.0
2023,3,11,2,0,6.72,6.72,1561.0
2023,3,11,3,0,7.42,7.42,1561.0
2023,3,11,4,0,6.0,6.0,1561.0
2023,3,11,5,0,6.140000000000001,6.140000000000001,1561.0
2023,3,11,6,0,4.89,4.89,1561.0
2023,3,11,7,0,1.88,1.88,1561.0
2023,3,11,8,0,0.63,0.63,770.2342537424776
2023,3,11,9,0,1.22,1.22,1561.0
2023,3,11,10,0,3.46,3.46,1561.0
2023,3,11,11,0,3.84,3.84,1561.0
2023,3,11,12,0,2.9,2.9,1561.0
2023,3,11,13,0,3.86,3.86,1561.0
2023,3,11,14,0,4.6000000000000005,4.6000000000000005,1561.0
2023,3,11,15,0,5.17,5.17,1561.0
2023,3,11,16,0,5.55,5.55,1561.0
2023,3,11,17,0,6.45,6.45,1561.0
2023,3,11,18,0,6.3100000000000005,6.3100000000000005,1561.0
2023,3,11,19,0,6.63,6.63,1561.0
2023,3,11,20,0,8.27,8.27,1561.0
2023,3,11,21,0,8.71,8.71,1561.0
2023,3,11,22,0,8.040000000000001,8.040000000000001,1561.0
2023,3,11,23,0,7.46,7.46,1561.0
2023,3,12,0,0,7.98,7.98,1561.0
2023,3,12,1,0,7.31,7.31,1561.0
2023,3,12,2,0,7.640000000000001,7.640000000000001,1561.0
2023,3,12,3,0,6.0200000000000005,6.0200000000000005,1561.0
2023,3,12,4,0,6.48,6.48,1561.0
2023,3,12,5,0,5.82,5.82,1561.0
2023,3,12,6,0,5.46,5.46,1561.0
2023,3,12,7,0,4.8100000000000005,4.8100000000000005,1561.0
2023,3,12,8,0,5.74,5.74,1561.0
2023,3,12,9,0,4.32,4.32,1561.0
2023,3,12,10,0,4.47,4.47,1561.0
2023,3,12,11,0,4.34,4.34,1561.0
2023,3,12,12,0,3.67,3.67,1561.0
2023,3,12,13,0,3.11,3.11,1561.0
2023,3,12,14,0,1.01,1.01,1561.0
2023,3,12,15,0,1.46,1.46,1561.0
2023,3,12,16,0,2.12,2.12,1561.0
2023,3,12,17,0,2.27,2.27,1561.0
2023,3,12,18,0,2.23,2.23,1561.0
2023,3,12,19,0,3.3200000000000003,3.3200000000000003,1561.0
2023,3,12,20,0,3.73,3.73,1561.0
2023,3,12,21,0,5.82,5.82,1561.0
2023,3,12,22,0,10.4,10.4,1561.0
2023,3,12,23,0,9.29,9.29,1561.0
2023,3,13,0,0,7.91,7.91,1561.0
2023,3,13,1,0,7.96,7.96,1561.0
2023,3,13,2,0,7.75,7.75,1561.0
2023,3,13,3,0,7.49,7.49,1561.0
2023,3,13,4,0,7.17,7.17,1561.0
2023,3,13,5,0,8.18,8.18,1561.0
2023,3,13,6,0,8.02,8.02,1561.0
2023,3,13,7,0,7.9,7.9,1561.0
2023,3,13,8,0,8.85,8.85,1561.0
2023,3,13,9,0,9.2,9.2,1561.0
2023,3,13,10,0,9.84,9.84,1561.0
2023,3,13,11,0,10.03,10.03,1561.0
2023,3,13,12,0,10.41,10.41,1561.0
2023,3,13,13,0,9.85,9.85,1561.0
2023,3,13,14,0,11.09,11.09,1561.0
2023,3,13,15,0,9.13,9.13,1561.0
2023,3,13,16,0,10.96,10.96,1561.0
2023,3,13,17,0,11.05,11.05,1561.0
2023,3,13,18,0,10.03,10.03,1561.0
2023,3,13,19,0,7.3,7.3,1561.0
2023,3,13,20,0,11.13,11.13,1561.0
2023,3,13,21,0,11.56,11.56,1561.0
2023,3,13,22,0,8.16,8.16,1561.0
2023,3,13,23,0,8.82,8.82,1561.0
2023,3,14,0,0,9.51,9.51,1561.0
2023,3,14,1,0,9.97,9.97,1561.0
2023,3,14,2,0,10.24,10.24,1561.0
2023,3,14,3,0,10.32,10.32,1561.0
2023,3,14,4,0,9.84,9.84,1561.0
2023,3,14,5,0,9.98,9.98,1561.0
2023,3,14,6,0,9.71,9.71,1561.0
2023,3,14,7,0,9.73,9.73,1561.0
2023,3,14,8,0,9.15,9.15,1561.0
2023,3,14,9,0,7.63,7.63,1561.0
2023,3,14,10,0,7.41,7.41,1561.0
2023,3,14,11,0,7.15,7.15,1561.0
2023,3,14,12,0,6.99,6.99,1561.0
2023,3,14,13,0,7.04,7.04,1561.0
2023,3,14,14,0,6.28,6.28,1561.0
2023,3,14,15,0,6.36,6.36,1561.0
2023,3,14,16,0,5.17,5.17,1561.0
2023,3,14,17,0,4.91,4.91,1561.0
2023,3,14,18,0,4.58,4.58,1561.0
2023,3,14,19,0,5.5,5.5,1561.0
2023,3,14,20,0,4.0200000000000005,4.0200000000000005,1561.0
2023,3,14,21,0,2.26,2.26,1561.0
2023,3,14,22,0,2.73,2.73,1561.0
2023,3,14,23,0,1.13,1.13,1561.0
2023,3,15,0,0,0.76,0.76,1352.2031928831693
2023,3,15,1,0,2.32,2.32,1561.0
2023,3,15,2,0,0.56,0.56,540.9601343157045
2023,3,15,3,0,0.99,0.99,1561.0
2023,3,15,4,0,1.4,1.4,1561.0
2023,3,15,5,0,2.51,2.51,1561.0
2023,3,15,6,0,2.99,2.99,1561.0
2023,3,15,7,0,4.14,4.14,1561.0
2023,3,15,8,0,4.67,4.67,1561.0
2023,3,15,9,0,4.57,4.57,1561.0
2023,3,15,10,0,3.41,3.41,1561.0
2023,3,15,11,0,4.3,4.3,1561.0
2023,3,15,12,0,5.57,5.57,1561.0
2023,3,15,13,0,5.86,5.86,1561.0
2023,3,15,14,0,5.19,5.19,1561.0
2023,3,15,15,0,6.3,6.3,1561.0
2023,3,15,16,0,6.49,6.49,1561.0
2023,3,15,17,0,6.98,6.98,1561.0
2023,3,15,18,0,6.94,6.94,1561.0
2023,3,15,19,0,7.96,7.96,1561.0
2023,3,15,20,0,8.36,8.36,1561.0
2023,3,15,21,0,9.06,9.06,1561.0
2023,3,15,22,0,9.77,9.77,1561.0
2023,3,15,23,0,10.5,10.5,1561.0
2023,3,16,0,0,11.07,11.07,1561.0
2023,3,16,1,0,10.95,10.95,1561.0
2023,3,16,2,0,11.36,11.36,1561.0
2023,3,16,3,0,9.93,9.93,1561.0
2023,3,16,4,0,10.63,10.63,1561.0
2023,3,16,5,0,10.11,10.11,1561.0
2023,3,16,6,0,9.6,9.6,1561.0
2023,3,16,7,0,11.26,11.26,1561.0
2023,3,16,8,0,11.55,11.55,1561.0
2023,3,16,9,0,10.87,10.87,1561.0
2023,3,16,10,0,10.82,10.82,1561.0
2023,3,16,11,0,11.02,11.02,1561.0
2023,3,16,12,0,11.29,11.29,1561.0
2023,3,16,13,0,11.43,11.43,1561.0
2023,3,16,14,0,11.16,11.16,1561.0
2023,3,16,15,0,11.37,11.37,1561.0
2023,3,16,16,0,10.46,10.46,1561.0
2023,3,16,17,0,10.43,10.43,1561.0
2023,3,16,18,0,11.72,11.72,1561.0
2023,3,16,19,0,13.16,13.16,1561.0
2023,3,16,20,0,11.02,11.02,1561.0
2023,3,16,21,0,13.54,13.54,1561.0
2023,3,16,22,0,13.64,13.64,1561.0
2023,3,16,23,0,13.2,13.2,1561.0
2023,3,17,0,0,13.76,13.76,1561.0
2023,3,17,1,0,14.74,14.74,1561.0
2023,3,17,2,0,14.22,14.22,1561.0
2023,3,17,3,0,13.24,13.24,1561.0
2023,3,17,4,0,13.41,13.41,1561.0
2023,3,17,5,0,13.06,13.06,1561.0
2023,3,17,6,0,11.9,11.9,1561.0
2023,3,17,7,0,11.02,11.02,1561.0
2023,3,17,8,0,10.78,10.78,1561.0
2023,3,17,9,0,12.34,12.34,1561.0
2023,3,17,10,0,12.86,12.86,1561.0
2023,3,17,11,0,12.5,12.5,1561.0
2023,3,17,12,0,11.37,11.37,1561.0
2023,3,17,13,0,11.53,11.53,1561.0
2023,3,17,14,0,12.19,12.19,1561.0
2023,3,17,15,0,12.12,12.12,1561.0
2023,3,17,16,0,12.32,12.32,1561.0
2023,3,17,17,0,11.8,11.8,1561.0
2023,3,17,18,0,11.95,11.95,1561.0
2023,3,17,19,0,11.27,11.27,1561.0
2023,3,17,20,0,11.68,11.68,1561.0
2023,3,17,21,0,12.58,12.58,1561.0
2023,3,17,22,0,10.53,10.53,1561.0
2023,3,17,23,0,10.24,10.24,1561.0
2023,3,18,0,0,8.65,8.65,1561.0
2023,3,18,1,0,7.7,7.7,1561.0
2023,3,18,2,0,6.3,6.3,1561.0
2023,3,18,3,0,5.84,5.84,1561.0
2023,3,18,4,0,5.16,5.16,1561.0
2023,3,18,5,0,9.82,9.82,1561.0
2023,3,18,6,0,9.86,9.86,1561.0
2023,3,18,7,0,12.4,12.4,1561.0
2023,3,18,8,0,12.21,12.21,1561.0
2023,3,18,9,0,12.87,12.87,1561.0
2023,3,18,10,0,11.42,11.42,1561.0
2023,3,18,11,0,11.51,11.51,1561.0
2023,3,18,12,0,11.17,11.17,1561.0
2023,3,18,13,0,11.79,11.79,1561.0
2023,3,18,14,0,11.89,11.89,1561.0
2023,3,18,15,0,12.31,12.31,1561.0
2023,3,18,16,0,12.33,12.33,1561.0
2023,3,18,17,0,11.43,11.43,1561.0
2023,3,18,18,0,10.68,10.68,1561.0
2023,3,18,19,0,10.45,10.45,1561.0
2023,3,18,20,0,8.26,8.26,1561.0
2023,3,18,21,0,9.17,9.17,1561.0
2023,3,18,22,0,9.69,9.69,1561.0
2023,3,18,23,0,8.61,8.61,1561.0
2023,3,19,0,0,8.41,8.41,1561.0
2023,3,19,1,0,9.02,9.02,1561.0
2023,3,19,2,0,8.53,8.53,1561.0
2023,3,19,3,0,7.54,7.54,1561.0
2023,3,19,4,0,8.39,8.39,1561.0
2023,3,19,5,0,8.2,8.2,1561.0
2023,3,19,6,0,8.43,8.43,1561.0
2023,3,19,7,0,8.82,8.82,1561.0
2023,3,19,8,0,7.44,7.44,1561.0
2023,3,19,9,0,6.16,6.16,1561.0
2023,3,19,10,0,6.42,6.42,1561.0
2023,3,19,11,0,6.5600000000000005,6.5600000000000005,1561.0
2023,3,19,12,0,6.68,6.68,1561.0
2023,3,19,13,0,6.66,6.66,1561.0
2023,3,19,14,0,6.92,6.92,1561.0
2023,3,19,15,0,6.390000000000001,6.390000000000001,1561.0
2023,3,19,16,0,5.83,5.83,1561.0
2023,3,19,17,0,6.12,6.12,1561.0
2023,3,19,18,0,6.32,6.32,1561.0
2023,3,19,19,0,7.35,7.35,1561.0
2023,3,19,20,0,8.51,8.51,1561.0
2023,3,19,21,0,9.7,9.7,1561.0
2023,3,19,22,0,9.18,9.18,1561.0
2023,3,19,23,0,8.88,8.88,1561.0
2023,3,20,0,0,8.950000000000001,8.950000000000001,1561.0
2023,3,20,1,0,9.1,9.1,1561.0
2023,3,20,2,0,9.26,9.26,1561.0
2023,3,20,3,0,9.55,9.55,1561.0
2023,3,20,4,0,9.42,9.42,1561.0
2023,3,20,5,0,9.08,9.08,1561.0
2023,3,20,6,0,9.08,9.08,1561.0
2023,3,20,7,0,10.29,10.29,1561.0
2023,3,20,8,0,9.66,9.66,1561.0
2023,3,20,9,0,9.21,9.21,1561.0
2023,3,20,10,0,9.3,9.3,1561.0
2023,3,20,11,0,10.52,10.52,1561.0
2023,3,20,12,0,11.6,11.6,1561.0
2023,3,20,13,0,11.52,11.52,1561.0
2023,3,20,14,0,12.13,12.13,1561.0
2023,3,20,15,0,12.1,12.1,1561.0
2023,3,20,16,0,12.32,12.32,1561.0
2023,3,20,17,0,12.13,12.13,1561.0
2023,3,20,18,0,11.37,11.37,1561.0
2023,3,20,19,0,11.21,11.21,1561.0
2023,3,20,20,0,12.17,12.17,1561.0
2023,3,20,21,0,13.47,13.47,1561.0
2023,3,20,22,0,13.52,13.52,1561.0
2023,3,20,23,0,12.03,12.03,1561.0
2023,3,21,0,0,12.37,12.37,1561.0
2023,3,21,1,0,12.34,12.34,1561.0
2023,3,21,2,0,11.36,11.36,1561.0
2023,3,21,3,0,10.74,10.74,1561.0
2023,3,21,4,0,11.32,11.32,1561.0
2023,3,21,5,0,11.14,11.14,1561.0
2023,3,21,6,0,8.77,8.77,1561.0
2023,3,21,7,0,9.9,9.9,1561.0
2023,3,21,8,0,9.24,9.24,1561.0
2023,3,21,9,0,8.040000000000001,8.040000000000001,1561.0
2023,3,21,10,0,8.25,8.25,1561.0
2023,3,21,11,0,8.57,8.57,1561.0
2023,3,21,12,0,8.09,8.09,1561.0
2023,3,21,13,0,8.76,8.76,1561.0
2023,3,21,14,0,9.92,9.92,1561.0
2023,3,21,15,0,9.56,9.56,1561.0
2023,3,21,16,0,9.54,9.54,1561.0
2023,3,21,17,0,9.57,9.57,1561.0
2023,3,21,18,0,13.86,13.86,1561.0
2023,3,21,19,0,9.4,9.4,1561.0
2023,3,21,20,0,8.61,8.61,1561.0
2023,3,21,21,0,8.24,8.24,1561.0
2023,3,21,22,0,7.68,7.68,1561.0
2023,3,21,23,0,7.76,7.76,1561.0
2023,3,22,0,0,7.31,7.31,1561.0
2023,3,22,1,0,7.9,7.9,1561.0
2023,3,22,2,0,8.0,8.0,1561.0
2023,3,22,3,0,7.42,7.42,1561.0
2023,3,22,4,0,7.59,7.59,1561.0
2023,3,22,5,0,8.69,8.69,1561.0
2023,3,22,6,0,8.47,8.47,1561.0
2023,3,22,7,0,8.9,8.9,1561.0
2023,3,22,8,0,9.23,9.23,1561.0
2023,3,22,9,0,8.5,8.5,1561.0
2023,3,22,10,0,7.6,7.6,1561.0
2023,3,22,11,0,7.9,7.9,1561.0
2023,3,22,12,0,7.94,7.94,1561.0
2023,3,22,13,0,11.44,11.44,1561.0
2023,3,22,14,0,10.09,10.09,1561.0
2023,3,22,15,0,9.38,9.38,1561.0
2023,3,22,16,0,10.67,10.67,1561.0
2023,3,22,17,0,10.02,10.02,1561.0
2023,3,22,18,0,8.9,8.9,1561.0
2023,3,22,19,0,8.93,8.93,1561.0
2023,3,22,20,0,8.57,8.57,1561.0
2023,3,22,21,0,10.24,10.24,1561.0
2023,3,22,22,0,9.77,9.77,1561.0
2023,3,22,23,0,10.79,10.79,1561.0
2023,3,23,0,0,9.55,9.55,1561.0
2023,3,23,1,0,9.19,9.19,1561.0
2023,3,23,2,0,7.04,7.04,1561.0
2023,3,23,3,0,10.6,10.6,1561.0
2023,3,23,4,0,7.13,7.13,1561.0
2023,3,23,5,0,10.05,10.05,1561.0
2023,3,23,6,0,9.57,9.57,1561.0
2023,3,23,7,0,10.13,10.13,1561.0
2023,3,23,8,0,8.16,8.16,1561.0
2023,3,23,9,0,7.73,7.73,1561.0
2023,3,23,10,0,7.19,7.19,1561.0
2023,3,23,11,0,7.74,7.74,1561.0
2023,3,23,12,0,6.73,6.73,1561.0
2023,3,23,13,0,4.96,4.96,1561.0
2023,3,23,14,0,5.51,5.51,1561.0
2023,3,23,15,0,7.3,7.3,1561.0
2023,3,23,16,0,7.25,7.25,1561.0
2023,3,23,17,0,7.46,7.46,1561.0
2023,3,23,18,0,6.49,6.49,1561.0
2023,3,23,19,0,7.43,7.43,1561.0
2023,3,23,20,0,7.48,7.48,1561.0
2023,3,23,21,0,6.73,6.73,1561.0
2023,3,23,22,0,6.1000000000000005,6.1000000000000005,1561.0
2023,3,23,23,0,4.95,4.95,1561.0
2023,3,24,0,0,5.72,5.72,1561.0
2023,3,24,1,0,5.6000000000000005,5.6000000000000005,1561.0
2023,3,24,2,0,5.86,5.86,1561.0
2023,3,24,3,0,9.16,9.16,1561.0
2023,3,24,4,0,8.02,8.02,1561.0
2023,3,24,5,0,6.6000000000000005,6.6000000000000005,1561.0
2023,3,24,6,0,6.05,6.05,1561.0
2023,3,24,7,0,7.04,7.04,1561.0
2023,3,24,8,0,9.07,9.07,1561.0
2023,3,24,9,0,8.53,8.53,1561.0
2023,3,24,10,0,7.38,7.38,1561.0
2023,3,24,11,0,8.18,8.18,1561.0
2023,3,24,12,0,8.59,8.59,1561.0
2023,3,24,13,0,7.92,7.92,1561.0
2023,3,24,14,0,7.87,7.87,1561.0
2023,3,24,15,0,9.22,9.22,1561.0
2023,3,24,16,0,9.13,9.13,1561.0
2023,3,24,17,0,10.05,10.05,1561.0
2023,3,24,18,0,8.78,8.78,1561.0
2023,3,24,19,0,9.76,9.76,1561.0
2023,3,24,20,0,10.73,10.73,1561.0
2023,3,24,21,0,10.19,10.19,1561.0
2023,3,24,22,0,8.64,8.64,1561.0
2023,3,24,23,0,10.2,10.2,1561.0
2023,3,25,0,0,15.35,15.35,1561.0
2023,3,25,1,0,6.69,6.69,1561.0
2023,3,25,2,0,9.22,9.22,1561.0
2023,3,25,3,0,5.61,5.61,1561.0
2023,3,25,4,0,4.87,4.87,1561.0
2023,3,25,5,0,6.37,6.37,1561.0
2023,3,25,6,0,11.28,11.28,1561.0
2023,3,25,7,0,10.35,10.35,1561.0
2023,3,25,8,0,13.93,13.93,1561.0
2023,3,25,9,0,13.7,13.7,1561.0
2023,3,25,10,0,14.12,14.12,1561.0
2023,3,25,11,0,14.02,14.02,1561.0
2023,3,25,12,0,15.05,15.05,1561.0
2023,3,25,13,0,15.06,15.06,1561.0
2023,3,25,14,0,12.27,12.27,1561.0
2023,3,25,15,0,15.02,15.02,1561.0
2023,3,25,16,0,13.12,13.12,1561.0
2023,3,25,17,0,11.24,11.24,1561.0
2023,3,25,18,0,10.64,10.64,1561.0
2023,3,25,19,0,10.07,10.07,1561.0
2023,3,25,20,0,8.88,8.88,1561.0
2023,3,25,21,0,8.0,8.0,1561.0
2023,3,25,22,0,8.36,8.36,1561.0
2023,3,25,23,0,6.94,6.94,1561.0
2023,3,26,0,0,8.15,8.15,1561.0
2023,3,26,1,0,7.53,7.53,1561.0
2023,3,26,2,0,7.57,7.57,1561.0
2023,3,26,3,0,5.87,5.87,1561.0
2023,3,26,4,0,5.03,5.03,1561.0
2023,3,26,5,0,5.7,5.7,1561.0
2023,3,26,6,0,6.84,6.84,1561.0
2023,3,26,7,0,5.24,5.24,1561.0
2023,3,26,8,0,3.91,3.91,1561.0
2023,3,26,9,0,2.4,2.4,1561.0
2023,3,26,10,0,2.6,2.6,1561.0
2023,3,26,11,0,4.29,4.29,1561.0
2023,3,26,12,0,4.9,4.9,1561.0
2023,3,26,13,0,6.55,6.55,1561.0
2023,3,26,14,0,7.04,7.04,1561.0
2023,3,26,15,0,7.47,7.47,1561.0
2023,3,26,16,0,8.74,8.74,1561.0
2023,3,26,17,0,9.56,9.56,1561.0
2023,3,26,18,0,8.78,8.78,1561.0
2023,3,26,19,0,7.7,7.7,1561.0
2023,3,26,20,0,11.52,11.52,1561.0
2023,3,26,21,0,7.51,7.51,1561.0
2023,3,26,22,0,9.61,9.61,1561.0
2023,3,26,23,0,9.98,9.98,1561.0
2023,3,27,0,0,7.01,7.01,1561.0
2023,3,27,1,0,5.08,5.08,1561.0
2023,3,27,2,0,7.55,7.55,1561.0
2023,3,27,3,0,7.4,7.4,1561.0
2023,3,27,4,0,6.65,6.65,1561.0
2023,3,27,5,0,9.41,9.41,1561.0
2023,3,27,6,0,6.640000000000001,6.640000000000001,1561.0
2023,3,27,7,0,6.5200000000000005,6.5200000000000005,1561.0
2023,3,27,8,0,6.47,6.47,1561.0
2023,3,27,9,0,7.140000000000001,7.140000000000001,1561.0
2023,3,27,10,0,6.26,6.26,1561.0
2023,3,27,11,0,7.56,7.56,1561.0
2023,3,27,12,0,7.19,7.19,1561.0
2023,3,27,13,0,7.58,7.58,1561.0
2023,3,27,14,0,5.36,5.36,1561.0
2023,3,27,15,0,5.14,5.14,1561.0
2023,3,27,16,0,5.99,5.99,1561.0
2023,3,27,17,0,6.96,6.96,1561.0
2023,3,27,18,0,6.66,6.66,1561.0
2023,3,27,19,0,8.46,8.46,1561.0
2023,3,27,20,0,9.09,9.09,1561.0
2023,3,27,21,0,9.7,9.7,1561.0
2023,3,27,22,0,9.38,9.38,1561.0
2023,3,27,23,0,7.72,7.72,1561.0
2023,3,28,0,0,6.13,6.13,1561.0
2023,3,28,1,0,5.12,5.12,1561.0
2023,3,28,2,0,6.43,6.43,1561.0
2023,3,28,3,0,6.0200000000000005,6.0200000000000005,1561.0
2023,3,28,4,0,6.5200000000000005,6.5200000000000005,1561.0
2023,3,28,5,0,5.7700000000000005,5.7700000000000005,1561.0
2023,3,28,6,0,5.14,5.14,1561.0
2023,3,28,7,0,4.3500000000000005,4.3500000000000005,1561.0
2023,3,28,8,0,4.08,4.08,1561.0
2023,3,28,9,0,2.84,2.84,1561.0
2023,3,28,10,0,2.95,2.95,1561.0
2023,3,28,11,0,5.28,5.28,1561.0
2023,3,28,12,0,5.15,5.15,1561.0
2023,3,28,13,0,6.0200000000000005,6.0200000000000005,1561.0
2023,3,28,14,0,6.890000000000001,6.890000000000001,1561.0
2023,3,28,15,0,6.01,6.01,1561.0
2023,3,28,16,0,6.0600000000000005,6.0600000000000005,1561.0
2023,3,28,17,0,3.84,3.84,1561.0
2023,3,28,18,0,5.43,5.43,1561.0
2023,3,28,19,0,3.86,3.86,1561.0
2023,3,28,20,0,2.66,2.66,1561.0
2023,3,28,21,0,3.99,3.99,1561.0
2023,3,28,22,0,5.5600000000000005,5.5600000000000005,1561.0
2023,3,28,23,0,6.65,6.65,1561.0
2023,3,29,0,0,7.68,7.68,1561.0
2023,3,29,1,0,8.83,8.83,1561.0
2023,3,29,2,0,9.69,9.69,1561.0
2023,3,29,3,0,8.6,8.6,1561.0
2023,3,29,4,0,8.52,8.52,1561.0
2023,3,29,5,0,9.19,9.19,1561.0
2023,3,29,6,0,8.370000000000001,8.370000000000001,1561.0
2023,3,29,7,0,9.76,9.76,1561.0
2023,3,29,8,0,8.84,8.84,1561.0
2023,3,29,9,0,8.3,8.3,1561.0
2023,3,29,10,0,9.06,9.06,1561.0
2023,3,29,11,0,10.24,10.24,1561.0
2023,3,29,12,0,11.2,11.2,1561.0
2023,3,29,13,0,10.39,10.39,1561.0
2023,3,29,14,0,9.55,9.55,1561.0
2023,3,29,15,0,8.36,8.36,1561.0
2023,3,29,16,0,7.37,7.37,1561.0
2023,3,29,17,0,6.79,6.79,1561.0
2023,3,29,18,0,5.25,5.25,1561.0
2023,3,29,19,0,5.15,5.15,1561.0
2023,3,29,20,0,5.08,5.08,1561.0
2023,3,29,21,0,7.9,7.9,1561.0
2023,3,29,22,0,7.12,7.12,1561.0
2023,3,29,23,0,7.56,7.56,1561.0
2023,3,30,0,0,7.75,7.75,1561.0
2023,3,30,1,0,6.44,6.44,1561.0
2023,3,30,2,0,5.55,5.55,1561.0
2023,3,30,3,0,5.98,5.98,1561.0
2023,3,30,4,0,6.84,6.84,1561.0
2023,3,30,5,0,6.43,6.43,1561.0
2023,3,30,6,0,5.95,5.95,1561.0
2023,3,30,7,0,5.63,5.63,1561.0
2023,3,30,8,0,5.5200000000000005,5.5200000000000005,1561.0
2023,3,30,9,0,5.57,5.57,1561.0
2023,3,30,10,0,5.33,5.33,1561.0
2023,3,30,11,0,5.7,5.7,1561.0
2023,3,30,12,0,5.0600000000000005,5.0600000000000005,1561.0
2023,3,30,13,0,6.07,6.07,1561.0
2023,3,30,14,0,5.8100000000000005,5.8100000000000005,1561.0
2023,3,30,15,0,6.15,6.15,1561.0
2023,3,30,16,0,6.8500000000000005,6.8500000000000005,1561.0
2023,3,30,17,0,7.46,7.46,1561.0
2023,3,30,18,0,8.01,8.01,1561.0
2023,3,30,19,0,6.88,6.88,1561.0
2023,3,30,20,0,8.96,8.96,1561.0
2023,3,30,21,0,10.18,10.18,1561.0
2023,3,30,22,0,10.68,10.68,1561.0
2023,3,30,23,0,11.44,11.44,1561.0
2023,3,31,0,0,10.55,10.55,1561.0
2023,3,31,1,0,11.76,11.76,1561.0
2023,3,31,2,0,12.69,12.69,1561.0
2023,3,31,3,0,10.77,10.77,1561.0
2023,3,31,4,0,12.49,12.49,1561.0
2023,3,31,5,0,11.59,11.59,1561.0
2023,3,31,6,0,12.11,12.11,1561.0
2023,3,31,7,0,11.72,11.72,1561.0
2023,3,31,8,0,13.26,13.26,1561.0
2023,3,31,9,0,13.96,13.96,1561.0
2023,3,31,10,0,13.74,13.74,1561.0
2023,3,31,11,0,14.1,14.1,1561.0
2023,3,31,12,0,12.0,12.0,1561.0
2023,3,31,13,0,12.61,12.61,1561.0
2023,3,31,14,0,12.93,12.93,1561.0
2023,3,31,15,0,14.11,14.11,1561.0
2023,3,31,16,0,12.82,12.82,1561.0
2023,3,31,17,0,14.23,14.23,1561.0
2023,3,31,18,0,14.91,14.91,1561.0
2023,3,31,19,0,13.86,13.86,1561.0
2023,3,31,20,0,15.48,15.48,1561.0
2023,3,31,21,0,19.18,19.18,1561.0
2023,3,31,22,0,17.72,17.72,1561.0
2023,3,31,23,0,11.09,11.09,1561.0
2023,4,1,0,0,14.23,14.23,1561.0
2023,4,1,1,0,10.28,10.28,1561.0
2023,4,1,2,0,7.73,7.73,1561.0
2023,4,1,3,0,8.3,8.3,1561.0
2023,4,1,4,0,7.03,7.03,1561.0
2023,4,1,5,0,3.76,3.76,1561.0
2023,4,1,6,0,9.19,9.19,1561.0
2023,4,1,7,0,13.45,13.45,1561.0
2023,4,1,8,0,13.0,13.0,1561.0
2023,4,1,9,0,15.53,15.53,1561.0
2023,4,1,10,0,16.330000000000002,16.330000000000002,1561.0
2023,4,1,11,0,14.2,14.2,1561.0
2023,4,1,12,0,12.92,12.92,1561.0
2023,4,1,13,0,14.01,14.01,1561.0
2023,4,1,14,0,11.22,11.22,1561.0
2023,4,1,15,0,13.82,13.82,1561.0
2023,4,1,16,0,11.75,11.75,1561.0
2023,4,1,17,0,10.24,10.24,1561.0
2023,4,1,18,0,10.0,10.0,1561.0
2023,4,1,19,0,7.95,7.95,1561.0
2023,4,1,20,0,9.38,9.38,1561.0
2023,4,1,21,0,6.99,6.99,1561.0
2023,4,1,22,0,6.09,6.09,1561.0
2023,4,1,23,0,5.25,5.25,1561.0
2023,4,2,0,0,4.8,4.8,1561.0
2023,4,2,1,0,5.57,5.57,1561.0
2023,4,2,2,0,3.96,3.96,1561.0
2023,4,2,3,0,3.06,3.06,1561.0
2023,4,2,4,0,1.6,1.6,1561.0
2023,4,2,5,0,1.43,1.43,1561.0
2023,4,2,6,0,1.86,1.86,1561.0
2023,4,2,7,0,1.92,1.92,1561.0
2023,4,2,8,0,2.5500000000000003,2.5500000000000003,1561.0
2023,4,2,9,0,3.01,3.01,1561.0
2023,4,2,10,0,3.02,3.02,1561.0
2023,4,2,11,0,3.06,3.06,1561.0
2023,4,2,12,0,3.83,3.83,1561.0
2023,4,2,13,0,4.87,4.87,1561.0
2023,4,2,14,0,4.53,4.53,1561.0
2023,4,2,15,0,5.72,5.72,1561.0
2023,4,2,16,0,6.94,6.94,1561.0
2023,4,2,17,0,8.17,8.17,1561.0
2023,4,2,18,0,7.67,7.67,1561.0
2023,4,2,19,0,8.47,8.47,1561.0
2023,4,2,20,0,11.0,11.0,1561.0
2023,4,2,21,0,9.95,9.95,1561.0
2023,4,2,22,0,10.08,10.08,1561.0
2023,4,2,23,0,10.25,10.25,1561.0
2023,4,3,0,0,11.37,11.37,1561.0
2023,4,3,1,0,11.72,11.72,1561.0
2023,4,3,2,0,10.97,10.97,1561.0
2023,4,3,3,0,10.44,10.44,1561.0
2023,4,3,4,0,10.43,10.43,1561.0
2023,4,3,5,0,10.03,10.03,1561.0
2023,4,3,6,0,5.93,5.93,1561.0
2023,4,3,7,0,5.01,5.01,1561.0
2023,4,3,8,0,1.18,1.18,1561.0
2023,4,3,9,0,0.89,0.89,1561.0
2023,4,3,10,0,1.94,1.94,1561.0
2023,4,3,11,0,4.79,4.79,1561.0
2023,4,3,12,0,2.37,2.37,1561.0
2023,4,3,13,0,4.09,4.09,1561.0
2023,4,3,14,0,3.86,3.86,1561.0
2023,4,3,15,0,6.49,6.49,1561.0
2023,4,3,16,0,5.66,5.66,1561.0
2023,4,3,17,0,5.57,5.57,1561.0
2023,4,3,18,0,2.24,2.24,1561.0
2023,4,3,19,0,1.72,1.72,1561.0
2023,4,3,20,0,8.33,8.33,1561.0
2023,4,3,21,0,5.37,5.37,1561.0
2023,4,3,22,0,10.99,10.99,1561.0
2023,4,3,23,0,12.92,12.92,1561.0
2023,4,4,0,0,10.69,10.69,1561.0
2023,4,4,1,0,9.3,9.3,1561.0
2023,4,4,2,0,9.32,9.32,1561.0
2023,4,4,3,0,4.33,4.33,1561.0
2023,4,4,4,0,0.8300000000000001,0.8300000000000001,1561.0
2023,4,4,5,0,1.37,1.37,1561.0
2023,4,4,6,0,3.28,3.28,1561.0
2023,4,4,7,0,5.24,5.24,1561.0
2023,4,4,8,0,6.42,6.42,1561.0
2023,4,4,9,0,5.97,5.97,1561.0
2023,4,4,10,0,6.0200000000000005,6.0200000000000005,1561.0
2023,4,4,11,0,7.41,7.41,1561.0
2023,4,4,12,0,7.96,7.96,1561.0
2023,4,4,13,0,9.69,9.69,1561.0
2023,4,4,14,0,9.88,9.88,1561.0
2023,4,4,15,0,10.02,10.02,1561.0
2023,4,4,16,0,10.46,10.46,1561.0
2023,4,4,17,0,11.45,11.45,1561.0
2023,4,4,18,0,11.15,11.15,1561.0
2023,4,4,19,0,11.55,11.55,1561.0
2023,4,4,20,0,11.53,11.53,1561.0
2023,4,4,21,0,11.57,11.57,1561.0
2023,4,4,22,0,12.75,12.75,1561.0
2023,4,4,23,0,14.54,14.54,1561.0
2023,4,5,0,0,13.54,13.54,1561.0
2023,4,5,1,0,16.75,16.75,1561.0
2023,4,5,2,0,15.55,15.55,1561.0
2023,4,5,3,0,15.28,15.28,1561.0
2023,4,5,4,0,13.71,13.71,1561.0
2023,4,5,5,0,13.85,13.85,1561.0
2023,4,5,6,0,13.8,13.8,1561.0
2023,4,5,7,0,14.95,14.95,1561.0
2023,4,5,8,0,17.52,17.52,1561.0
2023,4,5,9,0,13.7,13.7,1561.0
2023,4,5,10,0,18.39,18.39,1561.0
2023,4,5,11,0,11.4,11.4,1561.0
2023,4,5,12,0,7.58,7.58,1561.0
2023,4,5,13,0,12.91,12.91,1561.0
2023,4,5,14,0,12.94,12.94,1561.0
2023,4,5,15,0,12.95,12.95,1561.0
2023,4,5,16,0,14.78,14.78,1561.0
2023,4,5,17,0,12.96,12.96,1561.0
2023,4,5,18,0,11.48,11.48,1561.0
2023,4,5,19,0,8.22,8.22,1561.0
2023,4,5,20,0,6.47,6.47,1561.0
2023,4,5,21,0,7.36,7.36,1561.0
2023,4,5,22,0,7.53,7.53,1561.0
2023,4,5,23,0,7.36,7.36,1561.0
2023,4,6,0,0,7.54,7.54,1561.0
2023,4,6,1,0,5.1000000000000005,5.1000000000000005,1561.0
2023,4,6,2,0,4.98,4.98,1561.0
2023,4,6,3,0,5.26,5.26,1561.0
2023,4,6,4,0,5.78,5.78,1561.0
2023,4,6,5,0,5.9,5.9,1561.0
2023,4,6,6,0,6.65,6.65,1561.0
2023,4,6,7,0,7.05,7.05,1561.0
2023,4,6,8,0,5.53,5.53,1561.0
2023,4,6,9,0,6.5200000000000005,6.5200000000000005,1561.0
2023,4,6,10,0,3.91,3.91,1561.0
2023,4,6,11,0,4.84,4.84,1561.0
2023,4,6,12,0,4.6000000000000005,4.6000000000000005,1561.0
2023,4,6,13,0,6.0,6.0,1561.0
2023,4,6,14,0,5.55,5.55,1561.0
2023,4,6,15,0,5.61,5.61,1561.0
2023,4,6,16,0,4.78,4.78,1561.0
2023,4,6,17,0,3.99,3.99,1561.0
2023,4,6,18,0,2.99,2.99,1561.0
2023,4,6,19,0,3.5,3.5,1561.0
2023,4,6,20,0,2.96,2.96,1561.0
2023,4,6,21,0,4.8,4.8,1561.0
2023,4,6,22,0,5.45,5.45,1561.0
2023,4,6,23,0,4.8100000000000005,4.8100000000000005,1561.0
2023,4,7,0,0,5.76,5.76,1561.0
2023,4,7,1,0,5.61,5.61,1561.0
2023,4,7,2,0,5.26,5.26,1561.0
2023,4,7,3,0,5.46,5.46,1561.0
2023,4,7,4,0,7.27,7.27,1561.0
2023,4,7,5,0,6.33,6.33,1561.0
2023,4,7,6,0,5.2700000000000005,5.2700000000000005,1561.0
2023,4,7,7,0,4.71,4.71,1561.0
2023,4,7,8,0,6.6000000000000005,6.6000000000000005,1561.0
2023,4,7,9,0,5.19,5.19,1561.0
2023,4,7,10,0,6.0600000000000005,6.0600000000000005,1561.0
2023,4,7,11,0,4.86,4.86,1561.0
2023,4,7,12,0,4.66,4.66,1561.0
2023,4,7,13,0,4.7,4.7,1561.0
2023,4,7,14,0,4.64,4.64,1561.0
2023,4,7,15,0,4.89,4.89,1561.0
2023,4,7,16,0,5.42,5.42,1561.0
2023,4,7,17,0,5.78,5.78,1561.0
2023,4,7,18,0,5.61,5.61,1561.0
2023,4,7,19,0,5.32,5.32,1561.0
2023,4,7,20,0,7.49,7.49,1561.0
2023,4,7,21,0,7.49,7.49,1561.0
2023,4,7,22,0,8.38,8.38,1561.0
2023,4,7,23,0,8.64,8.64,1561.0
2023,4,8,0,0,7.95,7.95,1561.0
2023,4,8,1,0,7.8,7.8,1561.0
2023,4,8,2,0,8.03,8.03,1561.0
2023,4,8,3,0,8.69,8.69,1561.0
2023,4,8,4,0,9.47,9.47,1561.0
2023,4,8,5,0,8.620000000000001,8.620000000000001,1561.0
2023,4,8,6,0,8.51,8.51,1561.0
2023,4,8,7,0,7.87,7.87,1561.0
2023,4,8,8,0,6.68,6.68,1561.0
2023,4,8,9,0,6.5,6.5,1561.0
2023,4,8,10,0,5.59,5.59,1561.0
2023,4,8,11,0,6.140000000000001,6.140000000000001,1561.0
2023,4,8,12,0,5.73,5.73,1561.0
2023,4,8,13,0,5.12,5.12,1561.0
2023,4,8,14,0,4.5,4.5,1561.0
2023,4,8,15,0,4.87,4.87,1561.0
2023,4,8,16,0,4.61,4.61,1561.0
2023,4,8,17,0,4.95,4.95,1561.0
2023,4,8,18,0,5.65,5.65,1561.0
2023,4,8,19,0,5.76,5.76,1561.0
2023,4,8,20,0,6.07,6.07,1561.0
2023,4,8,21,0,7.05,7.05,1561.0
2023,4,8,22,0,7.68,7.68,1561.0
2023,4,8,23,0,7.42,7.42,1561.0
2023,4,9,0,0,7.12,7.12,1561.0
2023,4,9,1,0,7.07,7.07,1561.0
2023,4,9,2,0,6.67,6.67,1561.0
2023,4,9,3,0,7.71,7.71,1561.0
2023,4,9,4,0,6.36,6.36,1561.0
2023,4,9,5,0,5.22,5.22,1561.0
2023,4,9,6,0,4.9,4.9,1561.0
2023,4,9,7,0,5.8,5.8,1561.0
2023,4,9,8,0,4.76,4.76,1561.0
2023,4,9,9,0,2.5,2.5,1561.0
2023,4,9,10,0,3.74,3.74,1561.0
2023,4,9,11,0,4.01,4.01,1561.0
2023,4,9,12,0,4.2,4.2,1561.0
2023,4,9,13,0,4.89,4.89,1561.0
2023,4,9,14,0,5.18,5.18,1561.0
2023,4,9,15,0,5.32,5.32,1561.0
2023,4,9,16,0,5.0200000000000005,5.0200000000000005,1561.0
2023,4,9,17,0,4.62,4.62,1561.0
2023,4,9,18,0,4.16,4.16,1561.0
2023,4,9,19,0,4.28,4.28,1561.0
2023,4,9,20,0,6.5600000000000005,6.5600000000000005,1561.0
2023,4,9,21,0,9.04,9.04,1561.0
2023,4,9,22,0,8.27,8.27,1561.0
2023,4,9,23,0,8.65,8.65,1561.0
2023,4,10,0,0,8.61,8.61,1561.0
2023,4,10,1,0,9.47,9.47,1561.0
2023,4,10,2,0,9.62,9.62,1561.0
2023,4,10,3,0,8.92,8.92,1561.0
2023,4,10,4,0,9.51,9.51,1561.0
2023,4,10,5,0,8.19,8.19,1561.0
2023,4,10,6,0,9.46,9.46,1561.0
2023,4,10,7,0,7.72,7.72,1561.0
2023,4,10,8,0,6.72,6.72,1561.0
2023,4,10,9,0,3.81,3.81,1561.0
2023,4,10,10,0,3.5,3.5,1561.0
2023,4,10,11,0,4.42,4.42,1561.0
2023,4,10,12,0,4.41,4.41,1561.0
2023,4,10,13,0,4.05,4.05,1561.0
2023,4,10,14,0,3.46,3.46,1561.0
2023,4,10,15,0,2.84,2.84,1561.0
2023,4,10,16,0,3.11,3.11,1561.0
2023,4,10,17,0,3.09,3.09,1561.0
2023,4,10,18,0,3.04,3.04,1561.0
2023,4,10,19,0,2.2,2.2,1561.0
2023,4,10,20,0,0.96,0.96,1561.0
2023,4,10,21,0,0.94,0.94,1561.0
2023,4,10,22,0,1.51,1.51,1561.0
2023,4,10,23,0,3.46,3.46,1561.0
2023,4,11,0,0,1.26,1.26,1561.0
2023,4,11,1,0,2.49,2.49,1561.0
2023,4,11,2,0,4.16,4.16,1561.0
2023,4,11,3,0,6.42,6.42,1561.0
2023,4,11,4,0,6.5200000000000005,6.5200000000000005,1561.0
2023,4,11,5,0,6.48,6.48,1561.0
2023,4,11,6,0,6.9,6.9,1561.0
2023,4,11,7,0,6.79,6.79,1561.0
2023,4,11,8,0,7.07,7.07,1561.0
2023,4,11,9,0,6.7700000000000005,6.7700000000000005,1561.0
2023,4,11,10,0,6.38,6.38,1561.0
2023,4,11,11,0,7.23,7.23,1561.0
2023,4,11,12,0,7.13,7.13,1561.0
2023,4,11,13,0,7.27,7.27,1561.0
2023,4,11,14,0,7.390000000000001,7.390000000000001,1561.0
2023,4,11,15,0,8.39,8.39,1561.0
2023,4,11,16,0,8.52,8.52,1561.0
2023,4,11,17,0,7.76,7.76,1561.0
2023,4,11,18,0,7.87,7.87,1561.0
2023,4,11,19,0,7.68,7.68,1561.0
2023,4,11,20,0,10.8,10.8,1561.0
2023,4,11,21,0,11.43,11.43,1561.0
2023,4,11,22,0,11.11,11.11,1561.0
2023,4,11,23,0,10.99,10.99,1561.0
2023,4,12,0,0,10.97,10.97,1561.0
2023,4,12,1,0,11.52,11.52,1561.0
2023,4,12,2,0,10.58,10.58,1561.0
2023,4,12,3,0,10.78,10.78,1561.0
2023,4,12,4,0,9.9,9.9,1561.0
2023,4,12,5,0,10.49,10.49,1561.0
2023,4,12,6,0,10.83,10.83,1561.0
2023,4,12,7,0,10.89,10.89,1561.0
2023,4,12,8,0,10.01,10.01,1561.0
2023,4,12,9,0,9.09,9.09,1561.0
2023,4,12,10,0,8.290000000000001,8.290000000000001,1561.0
2023,4,12,11,0,8.18,8.18,1561.0
2023,4,12,12,0,9.29,9.29,1561.0
2023,4,12,13,0,9.57,9.57,1561.0
2023,4,12,14,0,9.31,9.31,1561.0
2023,4,12,15,0,9.69,9.69,1561.0
2023,4,12,16,0,9.72,9.72,1561.0
2023,4,12,17,0,8.96,8.96,1561.0
2023,4,12,18,0,9.5,9.5,1561.0
2023,4,12,19,0,8.74,8.74,1561.0
2023,4,12,20,0,11.24,11.24,1561.0
2023,4,12,21,0,12.06,12.06,1561.0
2023,4,12,22,0,11.6,11.6,1561.0
2023,4,12,23,0,11.39,11.39,1561.0
2023,4,13,0,0,11.02,11.02,1561.0
2023,4,13,1,0,9.9,9.9,1561.0
2023,4,13,2,0,9.39,9.39,1561.0
2023,4,13,3,0,9.13,9.13,1561.0
2023,4,13,4,0,9.09,9.09,1561.0
2023,4,13,5,0,9.34,9.34,1561.0
2023,4,13,6,0,9.49,9.49,1561.0
2023,4,13,7,0,9.26,9.26,1561.0
2023,4,13,8,0,8.0,8.0,1561.0
2023,4,13,9,0,5.7700000000000005,5.7700000000000005,1561.0
2023,4,13,10,0,4.93,4.93,1561.0
2023,4,13,11,0,3.92,3.92,1561.0
2023,4,13,12,0,3.98,3.98,1561.0
2023,4,13,13,0,4.04,4.04,1561.0
2023,4,13,14,0,4.47,4.47,1561.0
2023,4,13,15,0,5.48,5.48,1561.0
2023,4,13,16,0,5.09,5.09,1561.0
2023,4,13,17,0,4.71,4.71,1561.0
2023,4,13,18,0,3.69,3.69,1561.0
2023,4,13,19,0,2.72,2.72,1561.0
2023,4,13,20,0,4.93,4.93,1561.0
2023,4,13,21,0,4.63,4.63,1561.0
2023,4,13,22,0,4.89,4.89,1561.0
2023,4,13,23,0,5.68,5.68,1561.0
2023,4,14,0,0,4.84,4.84,1561.0
2023,4,14,1,0,3.8,3.8,1561.0
2023,4,14,2,0,4.6000000000000005,4.6000000000000005,1561.0
2023,4,14,3,0,4.93,4.93,1561.0
2023,4,14,4,0,3.73,3.73,1561.0
2023,4,14,5,0,5.93,5.93,1561.0
2023,4,14,6,0,7.46,7.46,1561.0
2023,4,14,7,0,4.14,4.14,1561.0
2023,4,14,8,0,2.56,2.56,1561.0
2023,4,14,9,0,1.33,1.33,1561.0
2023,4,14,10,0,3.11,3.11,1561.0
2023,4,14,11,0,2.5,2.5,1561.0
2023,4,14,12,0,1.62,1.62,1561.0
2023,4,14,13,0,2.48,2.48,1561.0
2023,4,14,14,0,4.71,4.71,1561.0
2023,4,14,15,0,4.3500000000000005,4.3500000000000005,1561.0
2023,4,14,16,0,5.08,5.08,1561.0
2023,4,14,17,0,4.08,4.08,1561.0
2023,4,14,18,0,4.58,4.58,1561.0
2023,4,14,19,0,4.89,4.89,1561.0
2023,4,14,20,0,4.16,4.16,1561.0
2023,4,14,21,0,6.5,6.5,1561.0
2023,4,14,22,0,6.09,6.09,1561.0
2023,4,14,23,0,4.39,4.39,1561.0
2023,4,15,0,0,3.12,3.12,1561.0
2023,4,15,1,0,6.18,6.18,1561.0
2023,4,15,2,0,6.98,6.98,1561.0
2023,4,15,3,0,6.68,6.68,1561.0
2023,4,15,4,0,6.46,6.46,1561.0
2023,4,15,5,0,6.99,6.99,1561.0
2023,4,15,6,0,6.5200000000000005,6.5200000000000005,1561.0
2023,4,15,7,0,5.3,5.3,1561.0
2023,4,15,8,0,4.67,4.67,1561.0
2023,4,15,9,0,5.08,5.08,1561.0
2023,4,15,10,0,3.43,3.43,1561.0
2023,4,15,11,0,3.61,3.61,1561.0
2023,4,15,12,0,5.74,5.74,1561.0
2023,4,15,13,0,8.61,8.61,1561.0
2023,4,15,14,0,7.24,7.24,1561.0
2023,4,15,15,0,7.83,7.83,1561.0
2023,4,15,16,0,7.140000000000001,7.140000000000001,1561.0
2023,4,15,17,0,5.5,5.5,1561.0
2023,4,15,18,0,5.84,5.84,1561.0
2023,4,15,19,0,6.5200000000000005,6.5200000000000005,1561.0
2023,4,15,20,0,8.82,8.82,1561.0
2023,4,15,21,0,9.07,9.07,1561.0
2023,4,15,22,0,9.77,9.77,1561.0
2023,4,15,23,0,9.56,9.56,1561.0
2023,4,16,0,0,9.31,9.31,1561.0
2023,4,16,1,0,5.7,5.7,1561.0
2023,4,16,2,0,7.07,7.07,1561.0
2023,4,16,3,0,7.18,7.18,1561.0
2023,4,16,4,0,6.390000000000001,6.390000000000001,1561.0
2023,4,16,5,0,6.1000000000000005,6.1000000000000005,1561.0
2023,4,16,6,0,7.19,7.19,1561.0
2023,4,16,7,0,9.97,9.97,1561.0
2023,4,16,8,0,11.64,11.64,1561.0
2023,4,16,9,0,9.39,9.39,1561.0
2023,4,16,10,0,10.7,10.7,1561.0
2023,4,16,11,0,12.58,12.58,1561.0
2023,4,16,12,0,12.47,12.47,1561.0
2023,4,16,13,0,13.42,13.42,1561.0
2023,4,16,14,0,12.42,12.42,1561.0
2023,4,16,15,0,11.49,11.49,1561.0
2023,4,16,16,0,10.73,10.73,1561.0
2023,4,16,17,0,11.2,11.2,1561.0
2023,4,16,18,0,12.52,12.52,1561.0
2023,4,16,19,0,12.74,12.74,1561.0
2023,4,16,20,0,13.3,13.3,1561.0
2023,4,16,21,0,11.06,11.06,1561.0
2023,4,16,22,0,9.61,9.61,1561.0
2023,4,16,23,0,11.91,11.91,1561.0
2023,4,17,0,0,11.27,11.27,1561.0
2023,4,17,1,0,11.04,11.04,1561.0
2023,4,17,2,0,11.9,11.9,1561.0
2023,4,17,3,0,12.59,12.59,1561.0
2023,4,17,4,0,10.73,10.73,1561.0
2023,4,17,5,0,12.52,12.52,1561.0
2023,4,17,6,0,11.17,11.17,1561.0
2023,4,17,7,0,11.43,11.43,1561.0
2023,4,17,8,0,13.24,13.24,1561.0
2023,4,17,9,0,13.07,13.07,1561.0
2023,4,17,10,0,11.88,11.88,1561.0
2023,4,17,11,0,11.89,11.89,1561.0
2023,4,17,12,0,10.96,10.96,1561.0
2023,4,17,13,0,12.49,12.49,1561.0
2023,4,17,14,0,12.73,12.73,1561.0
2023,4,17,15,0,12.0,12.0,1561.0
2023,4,17,16,0,11.68,11.68,1561.0
2023,4,17,17,0,9.84,9.84,1561.0
2023,4,17,18,0,8.5,8.5,1561.0
2023,4,17,19,0,7.15,7.15,1561.0
2023,4,17,20,0,6.01,6.01,1561.0
2023,4,17,21,0,7.21,7.21,1561.0
2023,4,17,22,0,8.88,8.88,1561.0
2023,4,17,23,0,9.28,9.28,1561.0
2023,4,18,0,0,7.7,7.7,1561.0
2023,4,18,1,0,8.65,8.65,1561.0
2023,4,18,2,0,8.700000000000001,8.700000000000001,1561.0
2023,4,18,3,0,7.8,7.8,1561.0
2023,4,18,4,0,7.52,7.52,1561.0
2023,4,18,5,0,7.9,7.9,1561.0
2023,4,18,6,0,8.33,8.33,1561.0
2023,4,18,7,0,7.0600000000000005,7.0600000000000005,1561.0
2023,4,18,8,0,5.68,5.68,1561.0
2023,4,18,9,0,5.29,5.29,1561.0
2023,4,18,10,0,5.72,5.72,1561.0
2023,4,18,11,0,5.92,5.92,1561.0
2023,4,18,12,0,5.91,5.91,1561.0
2023,4,18,13,0,6.5600000000000005,6.5600000000000005,1561.0
2023,4,18,14,0,5.98,5.98,1561.0
2023,4,18,15,0,4.79,4.79,1561.0
2023,4,18,16,0,5.44,5.44,1561.0
2023,4,18,17,0,4.28,4.28,1561.0
2023,4,18,18,0,3.5500000000000003,3.5500000000000003,1561.0
2023,4,18,19,0,2.42,2.42,1561.0
2023,4,18,20,0,1.32,1.32,1561.0
2023,4,18,21,0,2.75,2.75,1561.0
2023,4,18,22,0,3.52,3.52,1561.0
2023,4,18,23,0,4.71,4.71,1561.0
2023,4,19,0,0,6.8100000000000005,6.8100000000000005,1561.0
2023,4,19,1,0,9.12,9.12,1561.0
2023,4,19,2,0,9.54,9.54,1561.0
2023,4,19,3,0,9.86,9.86,1561.0
2023,4,19,4,0,9.69,9.69,1561.0
2023,4,19,5,0,10.67,10.67,1561.0
2023,4,19,6,0,10.53,10.53,1561.0
2023,4,19,7,0,10.09,10.09,1561.0
2023,4,19,8,0,9.79,9.79,1561.0
2023,4,19,9,0,8.700000000000001,8.700000000000001,1561.0
2023,4,19,10,0,7.140000000000001,7.140000000000001,1561.0
2023,4,19,11,0,6.01,6.01,1561.0
2023,4,19,12,0,5.4,5.4,1561.0
2023,4,19,13,0,5.83,5.83,1561.0
2023,4,19,14,0,8.46,8.46,1561.0
2023,4,19,15,0,10.89,10.89,1561.0
2023,4,19,16,0,11.94,11.94,1561.0
2023,4,19,17,0,12.64,12.64,1561.0
2023,4,19,18,0,12.71,12.71,1561.0
2023,4,19,19,0,15.46,15.46,1561.0
2023,4,19,20,0,12.92,12.92,1561.0
2023,4,19,21,0,10.15,10.15,1561.0
2023,4,19,22,0,10.72,10.72,1561.0
2023,4,19,23,0,10.25,10.25,1561.0
2023,4,20,0,0,11.08,11.08,1561.0
2023,4,20,1,0,11.51,11.51,1561.0
2023,4,20,2,0,10.43,10.43,1561.0
2023,4,20,3,0,11.17,11.17,1561.0
2023,4,20,4,0,10.67,10.67,1561.0
2023,4,20,5,0,10.88,10.88,1561.0
2023,4,20,6,0,10.44,10.44,1561.0
2023,4,20,7,0,11.09,11.09,1561.0
2023,4,20,8,0,10.92,10.92,1561.0
2023,4,20,9,0,10.68,10.68,1561.0
2023,4,20,10,0,10.8,10.8,1561.0
2023,4,20,11,0,12.06,12.06,1561.0
2023,4,20,12,0,14.1,14.1,1561.0
2023,4,20,13,0,11.67,11.67,1561.0
2023,4,20,14,0,13.32,13.32,1561.0
2023,4,20,15,0,15.27,15.27,1561.0
2023,4,20,16,0,15.43,15.43,1561.0
2023,4,20,17,0,14.3,14.3,1561.0
2023,4,20,18,0,12.76,12.76,1561.0
2023,4,20,19,0,13.16,13.16,1561.0
2023,4,20,20,0,12.69,12.69,1561.0
2023,4,20,21,0,17.57,17.57,1561.0
2023,4,20,22,0,13.2,13.2,1561.0
2023,4,20,23,0,9.93,9.93,1561.0
2023,4,21,0,0,11.17,11.17,1561.0
2023,4,21,1,0,12.18,12.18,1561.0
2023,4,21,2,0,10.17,10.17,1561.0
2023,4,21,3,0,9.16,9.16,1561.0
2023,4,21,4,0,6.08,6.08,1561.0
2023,4,21,5,0,4.61,4.61,1561.0
2023,4,21,6,0,2.28,2.28,1561.0
2023,4,21,7,0,1.84,1.84,1561.0
2023,4,21,8,0,1.54,1.54,1561.0
2023,4,21,9,0,3.16,3.16,1561.0
2023,4,21,10,0,2.81,2.81,1561.0
2023,4,21,11,0,2.42,2.42,1561.0
2023,4,21,12,0,3.48,3.48,1561.0
2023,4,21,13,0,2.44,2.44,1561.0
2023,4,21,14,0,2.28,2.28,1561.0
2023,4,21,15,0,1.45,1.45,1561.0
2023,4,21,16,0,3.39,3.39,1561.0
2023,4,21,17,0,2.45,2.45,1561.0
2023,4,21,18,0,2.39,2.39,1561.0
2023,4,21,19,0,2.84,2.84,1561.0
2023,4,21,20,0,6.5,6.5,1561.0
2023,4,21,21,0,4.36,4.36,1561.0
2023,4,21,22,0,6.53,6.53,1561.0
2023,4,21,23,0,6.96,6.96,1561.0
2023,4,22,0,0,7.1000000000000005,7.1000000000000005,1561.0
2023,4,22,1,0,8.93,8.93,1561.0
2023,4,22,2,0,6.95,6.95,1561.0
2023,4,22,3,0,7.18,7.18,1561.0
2023,4,22,4,0,6.79,6.79,1561.0
2023,4,22,5,0,7.74,7.74,1561.0
2023,4,22,6,0,7.77,7.77,1561.0
2023,4,22,7,0,7.59,7.59,1561.0
2023,4,22,8,0,7.42,7.42,1561.0
2023,4,22,9,0,7.48,7.48,1561.0
2023,4,22,10,0,6.97,6.97,1561.0
2023,4,22,11,0,6.78,6.78,1561.0
2023,4,22,12,0,8.870000000000001,8.870000000000001,1561.0
2023,4,22,13,0,9.13,9.13,1561.0
2023,4,22,14,0,10.43,10.43,1561.0
2023,4,22,15,0,10.77,10.77,1561.0
2023,4,22,16,0,9.66,9.66,1561.0
2023,4,22,17,0,9.75,9.75,1561.0
2023,4,22,18,0,10.19,10.19,1561.0
2023,4,22,19,0,6.8100000000000005,6.8100000000000005,1561.0
2023,4,22,20,0,8.05,8.05,1561.0
2023,4,22,21,0,8.57,8.57,1561.0
2023,4,22,22,0,8.94,8.94,1561.0
2023,4,22,23,0,8.8,8.8,1561.0
2023,4,23,0,0,9.37,9.37,1561.0
2023,4,23,1,0,8.93,8.93,1561.0
2023,4,23,2,0,8.3,8.3,1561.0
2023,4,23,3,0,9.71,9.71,1561.0
2023,4,23,4,0,8.57,8.57,1561.0
2023,4,23,5,0,8.19,8.19,1561.0
2023,4,23,6,0,7.390000000000001,7.390000000000001,1561.0
2023,4,23,7,0,6.76,6.76,1561.0
2023,4,23,8,0,6.71,6.71,1561.0
2023,4,23,9,0,7.09,7.09,1561.0
2023,4,23,10,0,5.42,5.42,1561.0
2023,4,23,11,0,5.37,5.37,1561.0
2023,4,23,12,0,6.0600000000000005,6.0600000000000005,1561.0
2023,4,23,13,0,6.1000000000000005,6.1000000000000005,1561.0
2023,4,23,14,0,5.61,5.61,1561.0
2023,4,23,15,0,6.04,6.04,1561.0
2023,4,23,16,0,6.67,6.67,1561.0
2023,4,23,17,0,6.3100000000000005,6.3100000000000005,1561.0
2023,4,23,18,0,6.55,6.55,1561.0
2023,4,23,19,0,6.88,6.88,1561.0
2023,4,23,20,0,6.86,6.86,1561.0
2023,4,23,21,0,6.71,6.71,1561.0
2023,4,23,22,0,8.4,8.4,1561.0
2023,4,23,23,0,7.35,7.35,1561.0
2023,4,24,0,0,5.25,5.25,1561.0
2023,4,24,1,0,5.98,5.98,1561.0
2023,4,24,2,0,5.68,5.68,1561.0
2023,4,24,3,0,5.9,5.9,1561.0
2023,4,24,4,0,5.07,5.07,1561.0
2023,4,24,5,0,3.58,3.58,1561.0
2023,4,24,6,0,2.94,2.94,1561.0
2023,4,24,7,0,2.99,2.99,1561.0
2023,4,24,8,0,2.81,2.81,1561.0
2023,4,24,9,0,2.77,2.77,1561.0
2023,4,24,10,0,3.59,3.59,1561.0
2023,4,24,11,0,4.93,4.93,1561.0
2023,4,24,12,0,7.04,7.04,1561.0
2023,4,24,13,0,6.15,6.15,1561.0
2023,4,24,14,0,6.78,6.78,1561.0
2023,4,24,15,0,6.65,6.65,1561.0
2023,4,24,16,0,5.64,5.64,1561.0
2023,4,24,17,0,4.9,4.9,1561.0
2023,4,24,18,0,2.57,2.57,1561.0
2023,4,24,19,0,2.17,2.17,1561.0
2023,4,24,20,0,3.01,3.01,1561.0
2023,4,24,21,0,5.36,5.36,1561.0
2023,4,24,22,0,5.91,5.91,1561.0
2023,4,24,23,0,7.82,7.82,1561.0
2023,4,25,0,0,8.81,8.81,1561.0
2023,4,25,1,0,7.63,7.63,1561.0
2023,4,25,2,0,6.58,6.58,1561.0
2023,4,25,3,0,6.62,6.62,1561.0
2023,4,25,4,0,5.05,5.05,1561.0
2023,4,25,5,0,6.09,6.09,1561.0
2023,4,25,6,0,5.0600000000000005,5.0600000000000005,1561.0
2023,4,25,7,0,5.8100000000000005,5.8100000000000005,1561.0
2023,4,25,8,0,3.92,3.92,1561.0
2023,4,25,9,0,8.69,8.69,1561.0
2023,4,25,10,0,5.16,5.16,1561.0
2023,4,25,11,0,7.19,7.19,1561.0
2023,4,25,12,0,6.73,6.73,1561.0
2023,4,25,13,0,5.71,5.71,1561.0
2023,4,25,14,0,4.79,4.79,1561.0
2023,4,25,15,0,5.14,5.14,1561.0
2023,4,25,16,0,4.03,4.03,1561.0
2023,4,25,17,0,6.0600000000000005,6.0600000000000005,1561.0
2023,4,25,18,0,4.82,4.82,1561.0
2023,4,25,19,0,7.52,7.52,1561.0
2023,4,25,20,0,8.72,8.72,1561.0
2023,4,25,21,0,9.08,9.08,1561.0
2023,4,25,22,0,8.790000000000001,8.790000000000001,1561.0
2023,4,25,23,0,8.69,8.69,1561.0
2023,4,26,0,0,7.87,7.87,1561.0
2023,4,26,1,0,6.5600000000000005,6.5600000000000005,1561.0
2023,4,26,2,0,7.0600000000000005,7.0600000000000005,1561.0
2023,4,26,3,0,7.49,7.49,1561.0
2023,4,26,4,0,7.22,7.22,1561.0
2023,4,26,5,0,6.84,6.84,1561.0
2023,4,26,6,0,6.67,6.67,1561.0
2023,4,26,7,0,5.94,5.94,1561.0
2023,4,26,8,0,4.36,4.36,1561.0
2023,4,26,9,0,5.01,5.01,1561.0
2023,4,26,10,0,5.54,5.54,1561.0
2023,4,26,11,0,5.6000000000000005,5.6000000000000005,1561.0
2023,4,26,12,0,4.8500000000000005,4.8500000000000005,1561.0
2023,4,26,13,0,2.89,2.89,1561.0
2023,4,26,14,0,2.79,2.79,1561.0
2023,4,26,15,0,3.84,3.84,1561.0
2023,4,26,16,0,3.13,3.13,1561.0
2023,4,26,17,0,3.99,3.99,1561.0
2023,4,26,18,0,4.69,4.69,1561.0
2023,4,26,19,0,4.74,4.74,1561.0
2023,4,26,20,0,5.95,5.95,1561.0
2023,4,26,21,0,9.09,9.09,1561.0
2023,4,26,22,0,9.09,9.09,1561.0
2023,4,26,23,0,8.82,8.82,1561.0
2023,4,27,0,0,7.99,7.99,1561.0
2023,4,27,1,0,8.82,8.82,1561.0
2023,4,27,2,0,8.22,8.22,1561.0
2023,4,27,3,0,6.88,6.88,1561.0
2023,4,27,4,0,8.08,8.08,1561.0
2023,4,27,5,0,8.13,8.13,1561.0
2023,4,27,6,0,8.43,8.43,1561.0
2023,4,27,7,0,7.54,7.54,1561.0
2023,4,27,8,0,6.07,6.07,1561.0
2023,4,27,9,0,5.57,5.57,1561.0
2023,4,27,10,0,4.84,4.84,1561.0
2023,4,27,11,0,5.0600000000000005,5.0600000000000005,1561.0
2023,4,27,12,0,5.05,5.05,1561.0
2023,4,27,13,0,4.49,4.49,1561.0
2023,4,27,14,0,4.14,4.14,1561.0
2023,4,27,15,0,4.17,4.17,1561.0
2023,4,27,16,0,4.9,4.9,1561.0
2023,4,27,17,0,5.14,5.14,1561.0
2023,4,27,18,0,5.38,5.38,1561.0
2023,4,27,19,0,5.61,5.61,1561.0
2023,4,27,20,0,5.8100000000000005,5.8100000000000005,1561.0
2023,4,27,21,0,5.82,5.82,1561.0
2023,4,27,22,0,6.87,6.87,1561.0
2023,4,27,23,0,7.13,7.13,1561.0
2023,4,28,0,0,6.91,6.91,1561.0
2023,4,28,1,0,3.63,3.63,1561.0
2023,4,28,2,0,3.71,3.71,1561.0
2023,4,28,3,0,4.59,4.59,1561.0
2023,4,28,4,0,3.64,3.64,1561.0
2023,4,28,5,0,5.63,5.63,1561.0
2023,4,28,6,0,7.84,7.84,1561.0
2023,4,28,7,0,7.1000000000000005,7.1000000000000005,1561.0
2023,4,28,8,0,8.06,8.06,1561.0
2023,4,28,9,0,6.5200000000000005,6.5200000000000005,1561.0
2023,4,28,10,0,6.03,6.03,1561.0
2023,4,28,11,0,7.25,7.25,1561.0
2023,4,28,12,0,8.94,8.94,1561.0
2023,4,28,13,0,6.76,6.76,1561.0
2023,4,28,14,0,7.71,7.71,1561.0
2023,4,28,15,0,7.25,7.25,1561.0
2023,4,28,16,0,7.37,7.37,1561.0
2023,4,28,17,0,6.62,6.62,1561.0
2023,4,28,18,0,6.28,6.28,1561.0
2023,4,28,19,0,7.87,7.87,1561.0
2023,4,28,20,0,8.3,8.3,1561.0
2023,4,28,21,0,8.56,8.56,1561.0
2023,4,28,22,0,8.75,8.75,1561.0
2023,4,28,23,0,6.71,6.71,1561.0
2023,4,29,0,0,7.88,7.88,1561.0
2023,4,29,1,0,7.63,7.63,1561.0
2023,4,29,2,0,5.43,5.43,1561.0
2023,4,29,3,0,3.58,3.58,1561.0
2023,4,29,4,0,6.75,6.75,1561.0
2023,4,29,5,0,5.41,5.41,1561.0
2023,4,29,6,0,2.98,2.98,1561.0
2023,4,29,7,0,2.17,2.17,1561.0
2023,4,29,8,0,4.0200000000000005,4.0200000000000005,1561.0
2023,4,29,9,0,3.78,3.78,1561.0
2023,4,29,10,0,5.04,5.04,1561.0
2023,4,29,11,0,6.49,6.49,1561.0
2023,4,29,12,0,8.53,8.53,1561.0
2023,4,29,13,0,9.25,9.25,1561.0
2023,4,29,14,0,8.89,8.89,1561.0
2023,4,29,15,0,10.89,10.89,1561.0
2023,4,29,16,0,12.33,12.33,1561.0
2023,4,29,17,0,8.53,8.53,1561.0
2023,4,29,18,0,5.62,5.62,1561.0
2023,4,29,19,0,3.71,3.71,1561.0
2023,4,29,20,0,6.390000000000001,6.390000000000001,1561.0
2023,4,29,21,0,6.98,6.98,1561.0
2023,4,29,22,0,6.7,6.7,1561.0
2023,4,29,23,0,6.98,6.98,1561.0
2023,4,30,0,0,7.09,7.09,1561.0
2023,4,30,1,0,6.99,6.99,1561.0
2023,4,30,2,0,5.16,5.16,1561.0
2023,4,30,3,0,6.9,6.9,1561.0
2023,4,30,4,0,6.45,6.45,1561.0
2023,4,30,5,0,7.51,7.51,1561.0
2023,4,30,6,0,7.0,7.0,1561.0
2023,4,30,7,0,7.24,7.24,1561.0
2023,4,30,8,0,5.42,5.42,1561.0
2023,4,30,9,0,4.19,4.19,1561.0
2023,4,30,10,0,6.33,6.33,1561.0
2023,4,30,11,0,8.790000000000001,8.790000000000001,1561.0
2023,4,30,12,0,9.97,9.97,1561.0
2023,4,30,13,0,13.18,13.18,1561.0
2023,4,30,14,0,12.54,12.54,1561.0
2023,4,30,15,0,12.28,12.28,1561.0
2023,4,30,16,0,13.32,13.32,1561.0
2023,4,30,17,0,13.23,13.23,1561.0
2023,4,30,18,0,11.06,11.06,1561.0
2023,4,30,19,0,10.58,10.58,1561.0
2023,4,30,20,0,10.79,10.79,1561.0
2023,4,30,21,0,11.28,11.28,1561.0
2023,4,30,22,0,10.06,10.06,1561.0
2023,4,30,23,0,10.58,10.58,1561.0
2023,5,1,0,0,9.63,9.63,1561.0
2023,5,1,1,0,10.3,10.3,1561.0
2023,5,1,2,0,8.99,8.99,1561.0
2023,5,1,3,0,8.2,8.2,1561.0
2023,5,1,4,0,9.67,9.67,1561.0
2023,5,1,5,0,9.85,9.85,1561.0
2023,5,1,6,0,10.47,10.47,1561.0
2023,5,1,7,0,10.35,10.35,1561.0
2023,5,1,8,0,10.19,10.19,1561.0
2023,5,1,9,0,10.85,10.85,1561.0
2023,5,1,10,0,11.56,11.56,1561.0
2023,5,1,11,0,11.52,11.52,1561.0
2023,5,1,12,0,11.19,11.19,1561.0
2023,5,1,13,0,11.95,11.95,1561.0
2023,5,1,14,0,12.63,12.63,1561.0
2023,5,1,15,0,14.04,14.04,1561.0
2023,5,1,16,0,11.09,11.09,1561.0
2023,5,1,17,0,10.82,10.82,1561.0
2023,5,1,18,0,8.47,8.47,1561.0
2023,5,1,19,0,7.15,7.15,1561.0
2023,5,1,20,0,5.12,5.12,1561.0
2023,5,1,21,0,5.59,5.59,1561.0
2023,5,1,22,0,6.88,6.88,1561.0
2023,5,1,23,0,9.07,9.07,1561.0
2023,5,2,0,0,11.17,11.17,1561.0
2023,5,2,1,0,10.23,10.23,1561.0
2023,5,2,2,0,11.49,11.49,1561.0
2023,5,2,3,0,11.3,11.3,1561.0
2023,5,2,4,0,12.4,12.4,1561.0
2023,5,2,5,0,10.3,10.3,1561.0
2023,5,2,6,0,9.34,9.34,1561.0
2023,5,2,7,0,9.98,9.98,1561.0
2023,5,2,8,0,10.12,10.12,1561.0
2023,5,2,9,0,10.44,10.44,1561.0
2023,5,2,10,0,10.45,10.45,1561.0
2023,5,2,11,0,10.65,10.65,1561.0
2023,5,2,12,0,9.82,9.82,1561.0
2023,5,2,13,0,9.89,9.89,1561.0
2023,5,2,14,0,6.9,6.9,1561.0
2023,5,2,15,0,10.01,10.01,1561.0
2023,5,2,16,0,10.61,10.61,1561.0
2023,5,2,17,0,10.97,10.97,1561.0
2023,5,2,18,0,8.68,8.68,1561.0
2023,5,2,19,0,6.72,6.72,1561.0
2023,5,2,20,0,4.36,4.36,1561.0
2023,5,2,21,0,3.04,3.04,1561.0
2023,5,2,22,0,5.3100000000000005,5.3100000000000005,1561.0
2023,5,2,23,0,9.46,9.46,1561.0
2023,5,3,0,0,8.88,8.88,1561.0
2023,5,3,1,0,8.21,8.21,1561.0
2023,5,3,2,0,9.68,9.68,1561.0
2023,5,3,3,0,10.56,10.56,1561.0
2023,5,3,4,0,10.89,10.89,1561.0
2023,5,3,5,0,11.04,11.04,1561.0
2023,5,3,6,0,10.76,10.76,1561.0
2023,5,3,7,0,8.06,8.06,1561.0
2023,5,3,8,0,7.55,7.55,1561.0
2023,5,3,9,0,7.5,7.5,1561.0
2023,5,3,10,0,7.9,7.9,1561.0
2023,5,3,11,0,7.96,7.96,1561.0
2023,5,3,12,0,6.83,6.83,1561.0
2023,5,3,13,0,7.38,7.38,1561.0
2023,5,3,14,0,6.92,6.92,1561.0
2023,5,3,15,0,6.97,6.97,1561.0
2023,5,3,16,0,6.5,6.5,1561.0
2023,5,3,17,0,5.3100000000000005,5.3100000000000005,1561.0
2023,5,3,18,0,5.2,5.2,1561.0
2023,5,3,19,0,4.98,4.98,1561.0
2023,5,3,20,0,7.17,7.17,1561.0
2023,5,3,21,0,7.0,7.0,1561.0
2023,5,3,22,0,5.64,5.64,1561.0
2023,5,3,23,0,6.0200000000000005,6.0200000000000005,1561.0
2023,5,4,0,0,3.68,3.68,1561.0
2023,5,4,1,0,2.98,2.98,1561.0
2023,5,4,2,0,1.51,1.51,1561.0
2023,5,4,3,0,0.46,0.46,299.82971730225836
2023,5,4,4,0,1.8,1.8,1561.0
2023,5,4,5,0,2.18,2.18,1561.0
2023,5,4,6,0,2.16,2.16,1561.0
2023,5,4,7,0,2.29,2.29,1561.0
2023,5,4,8,0,0.8300000000000001,0.8300000000000001,1561.0
2023,5,4,9,0,0.96,0.96,1561.0
2023,5,4,10,0,1.28,1.28,1561.0
2023,5,4,11,0,0.64,0.64,807.4973433517222
2023,5,4,12,0,0.28,0.28,67.62001678946307
2023,5,4,13,0,0.85,0.85,1561.0
2023,5,4,14,0,1.54,1.54,1561.0
2023,5,4,15,0,0.7000000000000001,0.7000000000000001,1056.5627623353605
2023,5,4,16,0,0.65,0.65,845.9432903975169
2023,5,4,17,0,2.23,2.23,1561.0
2023,5,4,18,0,2.15,2.15,1561.0
2023,5,4,19,0,3.53,3.53,1561.0
2023,5,4,20,0,6.08,6.08,1561.0
2023,5,4,21,0,7.13,7.13,1561.0
2023,5,4,22,0,8.69,8.69,1561.0
2023,5,4,23,0,9.07,9.07,1561.0
2023,5,5,0,0,9.88,9.88,1561.0
2023,5,5,1,0,10.33,10.33,1561.0
2023,5,5,2,0,10.02,10.02,1561.0
2023,5,5,3,0,10.21,10.21,1561.0
2023,5,5,4,0,10.89,10.89,1561.0
2023,5,5,5,0,10.73,10.73,1561.0
2023,5,5,6,0,9.92,9.92,1561.0
2023,5,5,7,0,9.26,9.26,1561.0
2023,5,5,8,0,8.02,8.02,1561.0
2023,5,5,9,0,7.27,7.27,1561.0
2023,5,5,10,0,6.75,6.75,1561.0
2023,5,5,11,0,6.48,6.48,1561.0
2023,5,5,12,0,6.66,6.66,1561.0
2023,5,5,13,0,7.3,7.3,1561.0
2023,5,5,14,0,6.75,6.75,1561.0
2023,5,5,15,0,7.28,7.28,1561.0
2023,5,5,16,0,6.65,6.65,1561.0
2023,5,5,17,0,6.0,6.0,1561.0
2023,5,5,18,0,6.46,6.46,1561.0
2023,5,5,19,0,7.45,7.45,1561.0
2023,5,5,20,0,8.86,8.86,1561.0
2023,5,5,21,0,9.38,9.38,1561.0
2023,5,5,22,0,10.83,10.83,1561.0
2023,5,5,23,0,10.33,10.33,1561.0
2023,5,6,0,0,9.64,9.64,1561.0
2023,5,6,1,0,10.17,10.17,1561.0
2023,5,6,2,0,9.92,9.92,1561.0
2023,5,6,3,0,8.67,8.67,1561.0
2023,5,6,4,0,6.7700000000000005,6.7700000000000005,1561.0
2023,5,6,5,0,7.99,7.99,1561.0
2023,5,6,6,0,8.47,8.47,1561.0
2023,5,6,7,0,9.23,9.23,1561.0
2023,5,6,8,0,6.74,6.74,1561.0
2023,5,6,9,0,6.94,6.94,1561.0
2023,5,6,10,0,7.53,7.53,1561.0
2023,5,6,11,0,8.370000000000001,8.370000000000001,1561.0
2023,5,6,12,0,6.7,6.7,1561.0
2023,5,6,13,0,7.11,7.11,1561.0
2023,5,6,14,0,7.54,7.54,1561.0
2023,5,6,15,0,7.48,7.48,1561.0
2023,5,6,16,0,7.54,7.54,1561.0
2023,5,6,17,0,9.53,9.53,1561.0
2023,5,6,18,0,8.790000000000001,8.790000000000001,1561.0
2023,5,6,19,0,8.61,8.61,1561.0
2023,5,6,20,0,8.52,8.52,1561.0
2023,5,6,21,0,8.08,8.08,1561.0
2023,5,6,22,0,9.51,9.51,1561.0
2023,5,6,23,0,2.14,2.14,1561.0
2023,5,7,0,0,8.73,8.73,1561.0
2023,5,7,1,0,10.68,10.68,1561.0
2023,5,7,2,0,8.78,8.78,1561.0
2023,5,7,3,0,10.47,10.47,1561.0
2023,5,7,4,0,16.41,16.41,1561.0
2023,5,7,5,0,7.84,7.84,1561.0
2023,5,7,6,0,11.89,11.89,1561.0
2023,5,7,7,0,11.59,11.59,1561.0
2023,5,7,8,0,8.69,8.69,1561.0
2023,5,7,9,0,7.15,7.15,1561.0
2023,5,7,10,0,6.0200000000000005,6.0200000000000005,1561.0
2023,5,7,11,0,7.47,7.47,1561.0
2023,5,7,12,0,6.74,6.74,1561.0
2023,5,7,13,0,6.82,6.82,1561.0
2023,5,7,14,0,7.75,7.75,1561.0
2023,5,7,15,0,7.12,7.12,1561.0
2023,5,7,16,0,7.1000000000000005,7.1000000000000005,1561.0
2023,5,7,17,0,6.640000000000001,6.640000000000001,1561.0
2023,5,7,18,0,7.82,7.82,1561.0
2023,5,7,19,0,5.98,5.98,1561.0
2023,5,7,20,0,5.82,5.82,1561.0
2023,5,7,21,0,4.54,4.54,1561.0
2023,5,7,22,0,4.78,4.78,1561.0
2023,5,7,23,0,6.38,6.38,1561.0
2023,5,8,0,0,6.640000000000001,6.640000000000001,1561.0
2023,5,8,1,0,7.88,7.88,1561.0
2023,5,8,2,0,5.01,5.01,1561.0
2023,5,8,3,0,10.21,10.21,1561.0
2023,5,8,4,0,10.8,10.8,1561.0
2023,5,8,5,0,9.39,9.39,1561.0
2023,5,8,6,0,9.37,9.37,1561.0
2023,5,8,7,0,6.69,6.69,1561.0
2023,5,8,8,0,3.34,3.34,1561.0
2023,5,8,9,0,2.51,2.51,1561.0
2023,5,8,10,0,3.33,3.33,1561.0
2023,5,8,11,0,4.84,4.84,1561.0
2023,5,8,12,0,6.98,6.98,1561.0
2023,5,8,13,0,3.06,3.06,1561.0
2023,5,8,14,0,2.93,2.93,1561.0
2023,5,8,15,0,3.0,3.0,1561.0
2023,5,8,16,0,5.32,5.32,1561.0
2023,5,8,17,0,5.91,5.91,1561.0
2023,5,8,18,0,6.71,6.71,1561.0
2023,5,8,19,0,7.51,7.51,1561.0
2023,5,8,20,0,7.87,7.87,1561.0
2023,5,8,21,0,8.8,8.8,1561.0
2023,5,8,22,0,5.66,5.66,1561.0
2023,5,8,23,0,6.45,6.45,1561.0
2023,5,9,0,0,5.8100000000000005,5.8100000000000005,1561.0
2023,5,9,1,0,4.95,4.95,1561.0
2023,5,9,2,0,7.38,7.38,1561.0
2023,5,9,3,0,7.82,7.82,1561.0
2023,5,9,4,0,8.58,8.58,1561.0
2023,5,9,5,0,7.16,7.16,1561.0
2023,5,9,6,0,5.46,5.46,1561.0
2023,5,9,7,0,5.89,5.89,1561.0
2023,5,9,8,0,4.01,4.01,1561.0
2023,5,9,9,0,4.83,4.83,1561.0
2023,5,9,10,0,6.24,6.24,1561.0
2023,5,9,11,0,5.42,5.42,1561.0
2023,5,9,12,0,5.3500000000000005,5.3500000000000005,1561.0
2023,5,9,13,0,5.54,5.54,1561.0
2023,5,9,14,0,5.51,5.51,1561.0
2023,5,9,15,0,5.94,5.94,1561.0
2023,5,9,16,0,5.5,5.5,1561.0
2023,5,9,17,0,6.3500000000000005,6.3500000000000005,1561.0
2023,5,9,18,0,4.8500000000000005,4.8500000000000005,1561.0
2023,5,9,19,0,3.91,3.91,1561.0
2023,5,9,20,0,3.5700000000000003,3.5700000000000003,1561.0
2023,5,9,21,0,5.43,5.43,1561.0
2023,5,9,22,0,5.5200000000000005,5.5200000000000005,1561.0
2023,5,9,23,0,3.52,3.52,1561.0
2023,5,10,0,0,4.84,4.84,1561.0
2023,5,10,1,0,3.37,3.37,1561.0
2023,5,10,2,0,4.73,4.73,1561.0
2023,5,10,3,0,5.48,5.48,1561.0
2023,5,10,4,0,5.59,5.59,1561.0
2023,5,10,5,0,4.03,4.03,1561.0
2023,5,10,6,0,6.140000000000001,6.140000000000001,1561.0
2023,5,10,7,0,5.58,5.58,1561.0
2023,5,10,8,0,2.61,2.61,1561.0
2023,5,10,9,0,2.44,2.44,1561.0
2023,5,10,10,0,4.82,4.82,1561.0
2023,5,10,11,0,5.79,5.79,1561.0
2023,5,10,12,0,4.78,4.78,1561.0
2023,5,10,13,0,4.51,4.51,1561.0
2023,5,10,14,0,4.57,4.57,1561.0
2023,5,10,15,0,4.29,4.29,1561.0
2023,5,10,16,0,3.5700000000000003,3.5700000000000003,1561.0
2023,5,10,17,0,4.01,4.01,1561.0
2023,5,10,18,0,3.92,3.92,1561.0
2023,5,10,19,0,5.0600000000000005,5.0600000000000005,1561.0
2023,5,10,20,0,5.86,5.86,1561.0
2023,5,10,21,0,6.8,6.8,1561.0
2023,5,10,22,0,7.15,7.15,1561.0
2023,5,10,23,0,7.81,7.81,1561.0
2023,5,11,0,0,9.02,9.02,1561.0
2023,5,11,1,0,7.42,7.42,1561.0
2023,5,11,2,0,7.31,7.31,1561.0
2023,5,11,3,0,7.71,7.71,1561.0
2023,5,11,4,0,7.26,7.26,1561.0
2023,5,11,5,0,7.51,7.51,1561.0
2023,5,11,6,0,6.74,6.74,1561.0
2023,5,11,7,0,7.28,7.28,1561.0
2023,5,11,8,0,4.3100000000000005,4.3100000000000005,1561.0
2023,5,11,9,0,3.67,3.67,1561.0
2023,5,11,10,0,4.09,4.09,1561.0
2023,5,11,11,0,3.97,3.97,1561.0
2023,5,11,12,0,3.59,3.59,1561.0
2023,5,11,13,0,4.17,4.17,1561.0
2023,5,11,14,0,5.22,5.22,1561.0
2023,5,11,15,0,4.19,4.19,1561.0
2023,5,11,16,0,4.22,4.22,1561.0
2023,5,11,17,0,3.41,3.41,1561.0
2023,5,11,18,0,3.37,3.37,1561.0
2023,5,11,19,0,3.53,3.53,1561.0
2023,5,11,20,0,3.74,3.74,1561.0
2023,5,11,21,0,4.5600000000000005,4.5600000000000005,1561.0
2023,5,11,22,0,4.3500000000000005,4.3500000000000005,1561.0
2023,5,11,23,0,6.94,6.94,1561.0
2023,5,12,0,0,7.66,7.66,1561.0
2023,5,12,1,0,6.7,6.7,1561.0
2023,5,12,2,0,6.04,6.04,1561.0
2023,5,12,3,0,5.89,5.89,1561.0
2023,5,12,4,0,4.65,4.65,1561.0
2023,5,12,5,0,6.51,6.51,1561.0
2023,5,12,6,0,8.0,8.0,1561.0
2023,5,12,7,0,7.0200000000000005,7.0200000000000005,1561.0
2023,5,12,8,0,4.8,4.8,1561.0
2023,5,12,9,0,3.9,3.9,1561.0
2023,5,12,10,0,3.11,3.11,1561.0
2023,5,12,11,0,4.09,4.09,1561.0
2023,5,12,12,0,5.28,5.28,1561.0
2023,5,12,13,0,5.65,5.65,1561.0
2023,5,12,14,0,6.78,6.78,1561.0
2023,5,12,15,0,5.26,5.26,1561.0
2023,5,12,16,0,5.12,5.12,1561.0
2023,5,12,17,0,4.33,4.33,1561.0
2023,5,12,18,0,3.64,3.64,1561.0
2023,5,12,19,0,6.19,6.19,1561.0
2023,5,12,20,0,4.68,4.68,1561.0
2023,5,12,21,0,5.51,5.51,1561.0
2023,5,12,22,0,4.39,4.39,1561.0
2023,5,12,23,0,4.23,4.23,1561.0
2023,5,13,0,0,6.23,6.23,1561.0
2023,5,13,1,0,3.2,3.2,1561.0
2023,5,13,2,0,3.22,3.22,1561.0
2023,5,13,3,0,3.66,3.66,1561.0
2023,5,13,4,0,3.09,3.09,1561.0
2023,5,13,5,0,2.25,2.25,1561.0
2023,5,13,6,0,3.27,3.27,1561.0
2023,5,13,7,0,3.83,3.83,1561.0
2023,5,13,8,0,4.11,4.11,1561.0
2023,5,13,9,0,2.46,2.46,1561.0
2023,5,13,10,0,1.44,1.44,1561.0
2023,5,13,11,0,2.16,2.16,1561.0
2023,5,13,12,0,2.23,2.23,1561.0
2023,5,13,13,0,1.81,1.81,1561.0
2023,5,13,14,0,1.53,1.53,1561.0
2023,5,13,15,0,4.22,4.22,1561.0
2023,5,13,16,0,2.35,2.35,1561.0
2023,5,13,17,0,4.91,4.91,1561.0
2023,5,13,18,0,5.62,5.62,1561.0
2023,5,13,19,0,6.47,6.47,1561.0
2023,5,13,20,0,7.41,7.41,1561.0
2023,5,13,21,0,9.07,9.07,1561.0
2023,5,13,22,0,7.51,7.51,1561.0
2023,5,13,23,0,7.890000000000001,7.890000000000001,1561.0
2023,5,14,0,0,8.91,8.91,1561.0
2023,5,14,1,0,8.14,8.14,1561.0
2023,5,14,2,0,8.4,8.4,1561.0
2023,5,14,3,0,8.46,8.46,1561.0
2023,5,14,4,0,6.61,6.61,1561.0
2023,5,14,5,0,9.08,9.08,1561.0
2023,5,14,6,0,9.35,9.35,1561.0
2023,5,14,7,0,7.41,7.41,1561.0
2023,5,14,8,0,5.88,5.88,1561.0
2023,5,14,9,0,6.95,6.95,1561.0
2023,5,14,10,0,6.28,6.28,1561.0
2023,5,14,11,0,5.5,5.5,1561.0
2023,5,14,12,0,5.5600000000000005,5.5600000000000005,1561.0
2023,5,14,13,0,6.71,6.71,1561.0
2023,5,14,14,0,6.74,6.74,1561.0
2023,5,14,15,0,7.33,7.33,1561.0
2023,5,14,16,0,8.56,8.56,1561.0
2023,5,14,17,0,8.45,8.45,1561.0
2023,5,14,18,0,8.86,8.86,1561.0
2023,5,14,19,0,10.37,10.37,1561.0
2023,5,14,20,0,10.39,10.39,1561.0
2023,5,14,21,0,10.26,10.26,1561.0
2023,5,14,22,0,10.46,10.46,1561.0
2023,5,14,23,0,9.93,9.93,1561.0
2023,5,15,0,0,11.47,11.47,1561.0
2023,5,15,1,0,9.65,9.65,1561.0
2023,5,15,2,0,11.0,11.0,1561.0
2023,5,15,3,0,9.13,9.13,1561.0
2023,5,15,4,0,6.96,6.96,1561.0
2023,5,15,5,0,7.13,7.13,1561.0
2023,5,15,6,0,7.4,7.4,1561.0
2023,5,15,7,0,5.75,5.75,1561.0
2023,5,15,8,0,5.96,5.96,1561.0
2023,5,15,9,0,4.47,4.47,1561.0
2023,5,15,10,0,4.59,4.59,1561.0
2023,5,15,11,0,5.21,5.21,1561.0
2023,5,15,12,0,3.27,3.27,1561.0
2023,5,15,13,0,3.39,3.39,1561.0
2023,5,15,14,0,2.96,2.96,1561.0
2023,5,15,15,0,2.62,2.62,1561.0
2023,5,15,16,0,2.54,2.54,1561.0
2023,5,15,17,0,2.74,2.74,1561.0
2023,5,15,18,0,1.85,1.85,1561.0
2023,5,15,19,0,1.94,1.94,1561.0
2023,5,15,20,0,2.81,2.81,1561.0
2023,5,15,21,0,6.26,6.26,1561.0
2023,5,15,22,0,7.03,7.03,1561.0
2023,5,15,23,0,6.2700000000000005,6.2700000000000005,1561.0
2023,5,16,0,0,5.36,5.36,1561.0
2023,5,16,1,0,4.76,4.76,1561.0
2023,5,16,2,0,3.33,3.33,1561.0
2023,5,16,3,0,3.66,3.66,1561.0
2023,5,16,4,0,3.06,3.06,1561.0
2023,5,16,5,0,3.35,3.35,1561.0
2023,5,16,6,0,3.54,3.54,1561.0
2023,5,16,7,0,2.99,2.99,1561.0
2023,5,16,8,0,3.8,3.8,1561.0
2023,5,16,9,0,3.73,3.73,1561.0
2023,5,16,10,0,4.05,4.05,1561.0
2023,5,16,11,0,4.15,4.15,1561.0
2023,5,16,12,0,3.98,3.98,1561.0
2023,5,16,13,0,5.1000000000000005,5.1000000000000005,1561.0
2023,5,16,14,0,5.2,5.2,1561.0
2023,5,16,15,0,5.94,5.94,1561.0
2023,5,16,16,0,6.5200000000000005,6.5200000000000005,1561.0
2023,5,16,17,0,6.08,6.08,1561.0
2023,5,16,18,0,6.79,6.79,1561.0
2023,5,16,19,0,5.7700000000000005,5.7700000000000005,1561.0
2023,5,16,20,0,4.96,4.96,1561.0
2023,5,16,21,0,6.15,6.15,1561.0
2023,5,16,22,0,5.39,5.39,1561.0
2023,5,16,23,0,6.34,6.34,1561.0
2023,5,17,0,0,7.63,7.63,1561.0
2023,5,17,1,0,9.16,9.16,1561.0
2023,5,17,2,0,9.03,9.03,1561.0
2023,5,17,3,0,8.67,8.67,1561.0
2023,5,17,4,0,8.44,8.44,1561.0
2023,5,17,5,0,7.03,7.03,1561.0
2023,5,17,6,0,7.58,7.58,1561.0
2023,5,17,7,0,6.45,6.45,1561.0
2023,5,17,8,0,5.2,5.2,1561.0
2023,5,17,9,0,7.21,7.21,1561.0
2023,5,17,10,0,5.76,5.76,1561.0
2023,5,17,11,0,6.25,6.25,1561.0
2023,5,17,12,0,5.34,5.34,1561.0
2023,5,17,13,0,5.42,5.42,1561.0
2023,5,17,14,0,4.98,4.98,1561.0
2023,5,17,15,0,4.57,4.57,1561.0
2023,5,17,16,0,4.42,4.42,1561.0
2023,5,17,17,0,4.9,4.9,1561.0
2023,5,17,18,0,5.46,5.46,1561.0
2023,5,17,19,0,6.23,6.23,1561.0
2023,5,17,20,0,7.94,7.94,1561.0
2023,5,17,21,0,9.09,9.09,1561.0
2023,5,17,22,0,9.18,9.18,1561.0
2023,5,17,23,0,9.58,9.58,1561.0
2023,5,18,0,0,9.6,9.6,1561.0
2023,5,18,1,0,10.2,10.2,1561.0
2023,5,18,2,0,10.49,10.49,1561.0
2023,5,18,3,0,9.69,9.69,1561.0
2023,5,18,4,0,8.78,8.78,1561.0
2023,5,18,5,0,9.77,9.77,1561.0
2023,5,18,6,0,8.85,8.85,1561.0
2023,5,18,7,0,6.19,6.19,1561.0
2023,5,18,8,0,4.1,4.1,1561.0
2023,5,18,9,0,3.84,3.84,1561.0
2023,5,18,10,0,3.74,3.74,1561.0
2023,5,18,11,0,4.16,4.16,1561.0
2023,5,18,12,0,2.57,2.57,1561.0
2023,5,18,13,0,1.91,1.91,1561.0
2023,5,18,14,0,1.47,1.47,1561.0
2023,5,18,15,0,1.46,1.46,1561.0
2023,5,18,16,0,1.55,1.55,1561.0
2023,5,18,17,0,1.99,1.99,1561.0
2023,5,18,18,0,2.35,2.35,1561.0
2023,5,18,19,0,2.25,2.25,1561.0
2023,5,18,20,0,4.03,4.03,1561.0
2023,5,18,21,0,3.26,3.26,1561.0
2023,5,18,22,0,4.05,4.05,1561.0
2023,5,18,23,0,6.140000000000001,6.140000000000001,1561.0
2023,5,19,0,0,7.23,7.23,1561.0
2023,5,19,1,0,8.49,8.49,1561.0
2023,5,19,2,0,9.8,9.8,1561.0
2023,5,19,3,0,9.26,9.26,1561.0
2023,5,19,4,0,9.08,9.08,1561.0
2023,5,19,5,0,9.55,9.55,1561.0
2023,5,19,6,0,9.31,9.31,1561.0
2023,5,19,7,0,10.37,10.37,1561.0
2023,5,19,8,0,7.71,7.71,1561.0
2023,5,19,9,0,8.870000000000001,8.870000000000001,1561.0
2023,5,19,10,0,8.76,8.76,1561.0
2023,5,19,11,0,10.12,10.12,1561.0
2023,5,19,12,0,10.53,10.53,1561.0
2023,5,19,13,0,10.36,10.36,1561.0
2023,5,19,14,0,10.6,10.6,1561.0
2023,5,19,15,0,12.63,12.63,1561.0
2023,5,19,16,0,10.2,10.2,1561.0
2023,5,19,17,0,4.71,4.71,1561.0
2023,5,19,18,0,3.66,3.66,1561.0
2023,5,19,19,0,5.5200000000000005,5.5200000000000005,1561.0
2023,5,19,20,0,5.88,5.88,1561.0
2023,5,19,21,0,5.32,5.32,1561.0
2023,5,19,22,0,8.22,8.22,1561.0
2023,5,19,23,0,9.2,9.2,1561.0
2023,5,20,0,0,9.81,9.81,1561.0
2023,5,20,1,0,8.85,8.85,1561.0
2023,5,20,2,0,7.66,7.66,1561.0
2023,5,20,3,0,7.91,7.91,1561.0
2023,5,20,4,0,6.74,6.74,1561.0
2023,5,20,5,0,8.2,8.2,1561.0
2023,5,20,6,0,8.33,8.33,1561.0
2023,5,20,7,0,8.89,8.89,1561.0
2023,5,20,8,0,7.92,7.92,1561.0
2023,5,20,9,0,6.18,6.18,1561.0
2023,5,20,10,0,6.2700000000000005,6.2700000000000005,1561.0
2023,5,20,11,0,6.72,6.72,1561.0
2023,5,20,12,0,5.73,5.73,1561.0
2023,5,20,13,0,4.9,4.9,1561.0
2023,5,20,14,0,6.92,6.92,1561.0
2023,5,20,15,0,7.95,7.95,1561.0
2023,5,20,16,0,9.46,9.46,1561.0
2023,5,20,17,0,8.49,8.49,1561.0
2023,5,20,18,0,7.74,7.74,1561.0
2023,5,20,19,0,6.78,6.78,1561.0
2023,5,20,20,0,6.73,6.73,1561.0
2023,5,20,21,0,5.4,5.4,1561.0
2023,5,20,22,0,5.3100000000000005,5.3100000000000005,1561.0
2023,5,20,23,0,3.86,3.86,1561.0
2023,5,21,0,0,4.48,4.48,1561.0
2023,5,21,1,0,5.8,5.8,1561.0
2023,5,21,2,0,4.34,4.34,1561.0
2023,5,21,3,0,3.59,3.59,1561.0
2023,5,21,4,0,0.98,0.98,1561.0
2023,5,21,5,0,0.77,0.77,1406.2850366683645
2023,5,21,6,0,0.64,0.64,807.4973433517222
2023,5,21,7,0,2.21,2.21,1561.0
2023,5,21,8,0,2.53,2.53,1561.0
2023,5,21,9,0,1.96,1.96,1561.0
2023,5,21,10,0,2.0,2.0,1561.0
2023,5,21,11,0,1.08,1.08,1561.0
2023,5,21,12,0,2.16,2.16,1561.0
2023,5,21,13,0,2.5,2.5,1561.0
2023,5,21,14,0,3.35,3.35,1561.0
2023,5,21,15,0,2.84,2.84,1561.0
2023,5,21,16,0,1.94,1.94,1561.0
2023,5,21,17,0,1.39,1.39,1561.0
2023,5,21,18,0,2.21,2.21,1561.0
2023,5,21,19,0,1.1,1.1,1561.0
2023,5,21,20,0,3.0700000000000003,3.0700000000000003,1561.0
2023,5,21,21,0,3.3000000000000003,3.3000000000000003,1561.0
2023,5,21,22,0,3.38,3.38,1561.0
2023,5,21,23,0,5.23,5.23,1561.0
2023,5,22,0,0,5.98,5.98,1561.0
2023,5,22,1,0,5.62,5.62,1561.0
2023,5,22,2,0,6.79,6.79,1561.0
2023,5,22,3,0,4.79,4.79,1561.0
2023,5,22,4,0,4.71,4.71,1561.0
2023,5,22,5,0,4.71,4.71,1561.0
2023,5,22,6,0,3.54,3.54,1561.0
2023,5,22,7,0,1.54,1.54,1561.0
2023,5,22,8,0,1.3,1.3,1561.0
2023,5,22,9,0,0.53,0.53,458.59444422216154
2023,5,22,10,0,1.34,1.34,1561.0
2023,5,22,11,0,1.83,1.83,1561.0
2023,5,22,12,0,1.78,1.78,1561.0
2023,5,22,13,0,0.9,0.9,1561.0
2023,5,22,14,0,1.55,1.55,1561.0
2023,5,22,15,0,0.87,0.87,1561.0
2023,5,22,16,0,2.09,2.09,1561.0
2023,5,22,17,0,2.18,2.18,1561.0
2023,5,22,18,0,1.94,1.94,1561.0
2023,5,22,19,0,1.96,1.96,1561.0
2023,5,22,20,0,2.27,2.27,1561.0
2023,5,22,21,0,7.19,7.19,1561.0
2023,5,22,22,0,4.78,4.78,1561.0
2023,5,22,23,0,5.13,5.13,1561.0
2023,5,23,0,0,6.140000000000001,6.140000000000001,1561.0
2023,5,23,1,0,7.38,7.38,1561.0
2023,5,23,2,0,7.07,7.07,1561.0
2023,5,23,3,0,5.84,5.84,1561.0
2023,5,23,4,0,6.2,6.2,1561.0
2023,5,23,5,0,4.28,4.28,1561.0
2023,5,23,6,0,4.26,4.26,1561.0
2023,5,23,7,0,4.5600000000000005,4.5600000000000005,1561.0
2023,5,23,8,0,3.38,3.38,1561.0
2023,5,23,9,0,1.92,1.92,1561.0
2023,5,23,10,0,2.07,2.07,1561.0
2023,5,23,11,0,0.4,0.4,197.14290609172906
2023,5,23,12,0,3.22,3.22,1561.0
2023,5,23,13,0,2.88,2.88,1561.0
2023,5,23,14,0,3.17,3.17,1561.0
2023,5,23,15,0,1.16,1.16,1561.0
2023,5,23,16,0,1.33,1.33,1561.0
2023,5,23,17,0,1.71,1.71,1561.0
2023,5,23,18,0,1.4,1.4,1561.0
2023,5,23,19,0,2.39,2.39,1561.0
2023,5,23,20,0,3.16,3.16,1561.0
2023,5,23,21,0,3.67,3.67,1561.0
2023,5,23,22,0,6.19,6.19,1561.0
2023,5,23,23,0,4.21,4.21,1561.0
2023,5,24,0,0,4.46,4.46,1561.0
2023,5,24,1,0,7.37,7.37,1561.0
2023,5,24,2,0,7.19,7.19,1561.0
2023,5,24,3,0,5.2,5.2,1561.0
2023,5,24,4,0,1.99,1.99,1561.0
2023,5,24,5,0,1.18,1.18,1561.0
2023,5,24,6,0,1.21,1.21,1561.0
2023,5,24,7,0,1.48,1.48,1561.0
2023,5,24,8,0,0.86,0.86,1561.0
2023,5,24,9,0,1.21,1.21,1561.0
2023,5,24,10,0,1.58,1.58,1561.0
2023,5,24,11,0,2.75,2.75,1561.0
2023,5,24,12,0,5.37,5.37,1561.0
2023,5,24,13,0,6.29,6.29,1561.0
2023,5,24,14,0,7.33,7.33,1561.0
2023,5,24,15,0,5.23,5.23,1561.0
2023,5,24,16,0,7.98,7.98,1561.0
2023,5,24,17,0,7.6,7.6,1561.0
2023,5,24,18,0,9.63,9.63,1561.0
2023,5,24,19,0,10.9,10.9,1561.0
2023,5,24,20,0,10.09,10.09,1561.0
2023,5,24,21,0,10.45,10.45,1561.0
2023,5,24,22,0,9.77,9.77,1561.0
2023,5,24,23,0,11.09,11.09,1561.0
2023,5,25,0,0,9.85,9.85,1561.0
2023,5,25,1,0,9.76,9.76,1561.0
2023,5,25,2,0,10.03,10.03,1561.0
2023,5,25,3,0,10.53,10.53,1561.0
2023,5,25,4,0,9.83,9.83,1561.0
2023,5,25,5,0,8.71,8.71,1561.0
2023,5,25,6,0,9.44,9.44,1561.0
2023,5,25,7,0,9.21,9.21,1561.0
2023,5,25,8,0,7.96,7.96,1561.0
2023,5,25,9,0,7.54,7.54,1561.0
2023,5,25,10,0,7.12,7.12,1561.0
2023,5,25,11,0,7.25,7.25,1561.0
2023,5,25,12,0,6.54,6.54,1561.0
2023,5,25,13,0,6.93,6.93,1561.0
2023,5,25,14,0,7.58,7.58,1561.0
2023,5,25,15,0,7.59,7.59,1561.0
2023,5,25,16,0,8.42,8.42,1561.0
2023,5,25,17,0,8.21,8.21,1561.0
2023,5,25,18,0,8.5,8.5,1561.0
2023,5,25,19,0,7.94,7.94,1561.0
2023,5,25,20,0,8.03,8.03,1561.0
2023,5,25,21,0,8.91,8.91,1561.0
2023,5,25,22,0,9.6,9.6,1561.0
2023,5,25,23,0,9.56,9.56,1561.0
2023,5,26,0,0,6.97,6.97,1561.0
2023,5,26,1,0,7.640000000000001,7.640000000000001,1561.0
2023,5,26,2,0,8.620000000000001,8.620000000000001,1561.0
2023,5,26,3,0,9.09,9.09,1561.0
2023,5,26,4,0,10.25,10.25,1561.0
2023,5,26,5,0,9.68,9.68,1561.0
2023,5,26,6,0,8.24,8.24,1561.0
2023,5,26,7,0,7.44,7.44,1561.0
2023,5,26,8,0,6.97,6.97,1561.0
2023,5,26,9,0,6.13,6.13,1561.0
2023,5,26,10,0,6.890000000000001,6.890000000000001,1561.0
2023,5,26,11,0,5.86,5.86,1561.0
2023,5,26,12,0,7.07,7.07,1561.0
2023,5,26,13,0,7.26,7.26,1561.0
2023,5,26,14,0,7.930000000000001,7.930000000000001,1561.0
2023,5,26,15,0,7.07,7.07,1561.0
2023,5,26,16,0,7.65,7.65,1561.0
2023,5,26,17,0,7.77,7.77,1561.0
2023,5,26,18,0,7.9,7.9,1561.0
2023,5,26,19,0,7.37,7.37,1561.0
2023,5,26,20,0,7.56,7.56,1561.0
2023,5,26,21,0,10.45,10.45,1561.0
2023,5,26,22,0,10.42,10.42,1561.0
2023,5,26,23,0,9.82,9.82,1561.0
2023,5,27,0,0,10.09,10.09,1561.0
2023,5,27,1,0,8.3,8.3,1561.0
2023,5,27,2,0,8.9,8.9,1561.0
2023,5,27,3,0,8.89,8.89,1561.0
2023,5,27,4,0,9.54,9.54,1561.0
2023,5,27,5,0,8.47,8.47,1561.0
2023,5,27,6,0,7.62,7.62,1561.0
2023,5,27,7,0,5.92,5.92,1561.0
2023,5,27,8,0,4.2700000000000005,4.2700000000000005,1561.0
2023,5,27,9,0,3.53,3.53,1561.0
2023,5,27,10,0,3.63,3.63,1561.0
2023,5,27,11,0,3.94,3.94,1561.0
2023,5,27,12,0,5.2,5.2,1561.0
2023,5,27,13,0,5.5200000000000005,5.5200000000000005,1561.0
2023,5,27,14,0,5.78,5.78,1561.0
2023,5,27,15,0,5.29,5.29,1561.0
2023,5,27,16,0,4.74,4.74,1561.0
2023,5,27,17,0,5.24,5.24,1561.0
2023,5,27,18,0,6.390000000000001,6.390000000000001,1561.0
2023,5,27,19,0,3.99,3.99,1561.0
2023,5,27,20,0,1.83,1.83,1561.0
2023,5,27,21,0,7.4,7.4,1561.0
2023,5,27,22,0,6.12,6.12,1561.0
2023,5,27,23,0,4.9,4.9,1561.0
2023,5,28,0,0,5.33,5.33,1561.0
2023,5,28,1,0,2.73,2.73,1561.0
2023,5,28,2,0,4.09,4.09,1561.0
2023,5,28,3,0,3.43,3.43,1561.0
2023,5,28,4,0,4.98,4.98,1561.0
2023,5,28,5,0,3.42,3.42,1561.0
2023,5,28,6,0,3.46,3.46,1561.0
2023,5,28,7,0,0.28,0.28,67.62001678946307
2023,5,28,8,0,0.05,0.05,0.3850447384604083
2023,5,28,9,0,1.2,1.2,1561.0
2023,5,28,10,0,2.06,2.06,1561.0
2023,5,28,11,0,3.0,3.0,1561.0
2023,5,28,12,0,3.08,3.08,1561.0
2023,5,28,13,0,4.16,4.16,1561.0
2023,5,28,14,0,4.28,4.28,1561.0
2023,5,28,15,0,3.6,3.6,1561.0
2023,5,28,16,0,4.9,4.9,1561.0
2023,5,28,17,0,5.94,5.94,1561.0
2023,5,28,18,0,5.32,5.32,1561.0
2023,5,28,19,0,5.12,5.12,1561.0
2023,5,28,20,0,4.25,4.25,1561.0
2023,5,28,21,0,3.26,3.26,1561.0
2023,5,28,22,0,3.42,3.42,1561.0
2023,5,28,23,0,6.69,6.69,1561.0
2023,5,29,0,0,7.49,7.49,1561.0
2023,5,29,1,0,8.45,8.45,1561.0
2023,5,29,2,0,6.93,6.93,1561.0
2023,5,29,3,0,5.58,5.58,1561.0
2023,5,29,4,0,3.61,3.61,1561.0
2023,5,29,5,0,3.35,3.35,1561.0
2023,5,29,6,0,1.42,1.42,1561.0
2023,5,29,7,0,2.2,2.2,1561.0
2023,5,29,8,0,1.84,1.84,1561.0
2023,5,29,9,0,1.5,1.5,1561.0
2023,5,29,10,0,2.07,2.07,1561.0
2023,5,29,11,0,3.31,3.31,1561.0
2023,5,29,12,0,2.6,2.6,1561.0
2023,5,29,13,0,3.08,3.08,1561.0
2023,5,29,14,0,3.4,3.4,1561.0
2023,5,29,15,0,2.26,2.26,1561.0
2023,5,29,16,0,1.96,1.96,1561.0
2023,5,29,17,0,2.43,2.43,1561.0
2023,5,29,18,0,2.4,2.4,1561.0
2023,5,29,19,0,2.45,2.45,1561.0
2023,5,29,20,0,2.8000000000000003,2.8000000000000003,1561.0
2023,5,29,21,0,3.69,3.69,1561.0
2023,5,29,22,0,5.19,5.19,1561.0
2023,5,29,23,0,6.66,6.66,1561.0
2023,5,30,0,0,8.86,8.86,1561.0
2023,5,30,1,0,7.08,7.08,1561.0
2023,5,30,2,0,6.390000000000001,6.390000000000001,1561.0
2023,5,30,3,0,7.09,7.09,1561.0
2023,5,30,4,0,6.18,6.18,1561.0
2023,5,30,5,0,5.13,5.13,1561.0
2023,5,30,6,0,4.62,4.62,1561.0
2023,5,30,7,0,3.5700000000000003,3.5700000000000003,1561.0
2023,5,30,8,0,1.93,1.93,1561.0
2023,5,30,9,0,2.22,2.22,1561.0
2023,5,30,10,0,3.23,3.23,1561.0
2023,5,30,11,0,3.95,3.95,1561.0
2023,5,30,12,0,4.04,4.04,1561.0
2023,5,30,13,0,3.98,3.98,1561.0
2023,5,30,14,0,4.45,4.45,1561.0
2023,5,30,15,0,4.28,4.28,1561.0
2023,5,30,16,0,4.49,4.49,1561.0
2023,5,30,17,0,5.2,5.2,1561.0
2023,5,30,18,0,6.08,6.08,1561.0
2023,5,30,19,0,5.71,5.71,1561.0
2023,5,30,20,0,6.05,6.05,1561.0
2023,5,30,21,0,6.42,6.42,1561.0
2023,5,30,22,0,7.23,7.23,1561.0
2023,5,30,23,0,8.08,8.08,1561.0
2023,5,31,0,0,7.31,7.31,1561.0
2023,5,31,1,0,6.49,6.49,1561.0
2023,5,31,2,0,4.8100000000000005,4.8100000000000005,1561.0
2023,5,31,3,0,6.68,6.68,1561.0
2023,5,31,4,0,7.85,7.85,1561.0
2023,5,31,5,0,7.92,7.92,1561.0
2023,5,31,6,0,7.62,7.62,1561.0
2023,5,31,7,0,3.72,3.72,1561.0
2023,5,31,8,0,2.94,2.94,1561.0
2023,5,31,9,0,3.97,3.97,1561.0
2023,5,31,10,0,4.25,4.25,1561.0
2023,5,31,11,0,5.0600000000000005,5.0600000000000005,1561.0
2023,5,31,12,0,4.45,4.45,1561.0
2023,5,31,13,0,4.0600000000000005,4.0600000000000005,1561.0
2023,5,31,14,0,3.03,3.03,1561.0
2023,5,31,15,0,4.59,4.59,1561.0
2023,5,31,16,0,4.76,4.76,1561.0
2023,5,31,17,0,4.38,4.38,1561.0
2023,5,31,18,0,4.46,4.46,1561.0
2023,5,31,19,0,6.42,6.42,1561.0
2023,5,31,20,0,0.93,0.93,1561.0
2023,5,31,21,0,5.66,5.66,1561.0
2023,5,31,22,0,2.48,2.48,1561.0
2023,5,31,23,0,3.83,3.83,1561.0
2023,6,1,0,0,3.29,3.29,1561.0
2023,6,1,1,0,5.62,5.62,1561.0
2023,6,1,2,0,5.47,5.47,1561.0
2023,6,1,3,0,4.58,4.58,1561.0
2023,6,1,4,0,3.71,3.71,1561.0
2023,6,1,5,0,5.32,5.32,1561.0
2023,6,1,6,0,4.79,4.79,1561.0
2023,6,1,7,0,2.65,2.65,1561.0
2023,6,1,8,0,1.77,1.77,1561.0
2023,6,1,9,0,2.63,2.63,1561.0
2023,6,1,10,0,1.84,1.84,1561.0
2023,6,1,11,0,2.78,2.78,1561.0
2023,6,1,12,0,4.03,4.03,1561.0
2023,6,1,13,0,4.43,4.43,1561.0
2023,6,1,14,0,2.97,2.97,1561.0
2023,6,1,15,0,4.44,4.44,1561.0
2023,6,1,16,0,4.33,4.33,1561.0
2023,6,1,17,0,6.71,6.71,1561.0
2023,6,1,18,0,3.97,3.97,1561.0
2023,6,1,19,0,2.99,2.99,1561.0
2023,6,1,20,0,3.37,3.37,1561.0
2023,6,1,21,0,6.69,6.69,1561.0
2023,6,1,22,0,6.42,6.42,1561.0
2023,6,1,23,0,6.640000000000001,6.640000000000001,1561.0
2023,6,2,0,0,7.12,7.12,1561.0
2023,6,2,1,0,6.390000000000001,6.390000000000001,1561.0
2023,6,2,2,0,7.13,7.13,1561.0
2023,6,2,3,0,6.3,6.3,1561.0
2023,6,2,4,0,5.62,5.62,1561.0
2023,6,2,5,0,3.54,3.54,1561.0
2023,6,2,6,0,4.91,4.91,1561.0
2023,6,2,7,0,3.39,3.39,1561.0
2023,6,2,8,0,2.86,2.86,1561.0
2023,6,2,9,0,3.85,3.85,1561.0
2023,6,2,10,0,3.71,3.71,1561.0
2023,6,2,11,0,3.27,3.27,1561.0
2023,6,2,12,0,5.05,5.05,1561.0
2023,6,2,13,0,6.25,6.25,1561.0
2023,6,2,14,0,6.38,6.38,1561.0
2023,6,2,15,0,6.09,6.09,1561.0
2023,6,2,16,0,4.5,4.5,1561.0
2023,6,2,17,0,4.86,4.86,1561.0
2023,6,2,18,0,6.17,6.17,1561.0
2023,6,2,19,0,5.45,5.45,1561.0
2023,6,2,20,0,8.18,8.18,1561.0
2023,6,2,21,0,7.79,7.79,1561.0
2023,6,2,22,0,5.53,5.53,1561.0
2023,6,2,23,0,8.040000000000001,8.040000000000001,1561.0
2023,6,3,0,0,8.47,8.47,1561.0
2023,6,3,1,0,9.5,9.5,1561.0
2023,6,3,2,0,8.21,8.21,1561.0
2023,6,3,3,0,7.3,7.3,1561.0
2023,6,3,4,0,6.1000000000000005,6.1000000000000005,1561.0
2023,6,3,5,0,5.96,5.96,1561.0
2023,6,3,6,0,6.9,6.9,1561.0
2023,6,3,7,0,6.84,6.84,1561.0
2023,6,3,8,0,5.16,5.16,1561.0
2023,6,3,9,0,4.41,4.41,1561.0
2023,6,3,10,0,5.1000000000000005,5.1000000000000005,1561.0
2023,6,3,11,0,4.51,4.51,1561.0
2023,6,3,12,0,4.82,4.82,1561.0
2023,6,3,13,0,5.13,5.13,1561.0
2023,6,3,14,0,4.99,4.99,1561.0
2023,6,3,15,0,4.12,4.12,1561.0
2023,6,3,16,0,5.34,5.34,1561.0
2023,6,3,17,0,5.15,5.15,1561.0
2023,6,3,18,0,4.78,4.78,1561.0
2023,6,3,19,0,8.36,8.36,1561.0
2023,6,3,20,0,8.950000000000001,8.950000000000001,1561.0
2023,6,3,21,0,7.9,7.9,1561.0
2023,6,3,22,0,8.19,8.19,1561.0
2023,6,3,23,0,8.35,8.35,1561.0
2023,6,4,0,0,8.01,8.01,1561.0
2023,6,4,1,0,7.91,7.91,1561.0
2023,6,4,2,0,7.47,7.47,1561.0
2023,6,4,3,0,7.890000000000001,7.890000000000001,1561.0
2023,6,4,4,0,8.05,8.05,1561.0
2023,6,4,5,0,9.35,9.35,1561.0
2023,6,4,6,0,8.6,8.6,1561.0
2023,6,4,7,0,8.370000000000001,8.370000000000001,1561.0
2023,6,4,8,0,7.46,7.46,1561.0
2023,6,4,9,0,6.11,6.11,1561.0
2023,6,4,10,0,6.69,6.69,1561.0
2023,6,4,11,0,7.35,7.35,1561.0
2023,6,4,12,0,5.94,5.94,1561.0
2023,6,4,13,0,7.0,7.0,1561.0
2023,6,4,14,0,6.49,6.49,1561.0
2023,6,4,15,0,6.57,6.57,1561.0
2023,6,4,16,0,6.42,6.42,1561.0
2023,6,4,17,0,6.41,6.41,1561.0
2023,6,4,18,0,5.72,5.72,1561.0
2023,6,4,19,0,5.89,5.89,1561.0
2023,6,4,20,0,6.5600000000000005,6.5600000000000005,1561.0
2023,6,4,21,0,9.06,9.06,1561.0
2023,6,4,22,0,10.12,10.12,1561.0
2023,6,4,23,0,10.73,10.73,1561.0
2023,6,5,0,0,9.77,9.77,1561.0
2023,6,5,1,0,8.41,8.41,1561.0
2023,6,5,2,0,8.51,8.51,1561.0
2023,6,5,3,0,7.62,7.62,1561.0
2023,6,5,4,0,7.81,7.81,1561.0
2023,6,5,5,0,6.5600000000000005,6.5600000000000005,1561.0
2023,6,5,6,0,6.29,6.29,1561.0
2023,6,5,7,0,5.76,5.76,1561.0
2023,6,5,8,0,3.84,3.84,1561.0
2023,6,5,9,0,4.5,4.5,1561.0
2023,6,5,10,0,4.44,4.44,1561.0
2023,6,5,11,0,5.05,5.05,1561.0
2023,6,5,12,0,4.51,4.51,1561.0
2023,6,5,13,0,3.92,3.92,1561.0
2023,6,5,14,0,5.05,5.05,1561.0
2023,6,5,15,0,5.9,5.9,1561.0
2023,6,5,16,0,4.58,4.58,1561.0
2023,6,5,17,0,4.73,4.73,1561.0
2023,6,5,18,0,4.25,4.25,1561.0
2023,6,5,19,0,3.93,3.93,1561.0
2023,6,5,20,0,3.14,3.14,1561.0
2023,6,5,21,0,4.01,4.01,1561.0
2023,6,5,22,0,5.71,5.71,1561.0
2023,6,5,23,0,5.84,5.84,1561.0
2023,6,6,0,0,4.1,4.1,1561.0
2023,6,6,1,0,5.53,5.53,1561.0
2023,6,6,2,0,5.4,5.4,1561.0
2023,6,6,3,0,5.18,5.18,1561.0
2023,6,6,4,0,2.41,2.41,1561.0
2023,6,6,5,0,1.07,1.07,1561.0
2023,6,6,6,0,2.25,2.25,1561.0
2023,6,6,7,0,3.48,3.48,1561.0
2023,6,6,8,0,2.23,2.23,1561.0
2023,6,6,9,0,3.2,3.2,1561.0
2023,6,6,10,0,3.48,3.48,1561.0
2023,6,6,11,0,4.75,4.75,1561.0
2023,6,6,12,0,4.96,4.96,1561.0
2023,6,6,13,0,5.14,5.14,1561.0
2023,6,6,14,0,5.7,5.7,1561.0
2023,6,6,15,0,5.63,5.63,1561.0
2023,6,6,16,0,6.21,6.21,1561.0
2023,6,6,17,0,5.98,5.98,1561.0
2023,6,6,18,0,7.45,7.45,1561.0
2023,6,6,19,0,5.47,5.47,1561.0
2023,6,6,20,0,4.14,4.14,1561.0
2023,6,6,21,0,6.390000000000001,6.390000000000001,1561.0
2023,6,6,22,0,6.78,6.78,1561.0
2023,6,6,23,0,5.55,5.55,1561.0
2023,6,7,0,0,5.84,5.84,1561.0
2023,6,7,1,0,8.24,8.24,1561.0
2023,6,7,2,0,6.37,6.37,1561.0
2023,6,7,3,0,5.93,5.93,1561.0
2023,6,7,4,0,6.2700000000000005,6.2700000000000005,1561.0
2023,6,7,5,0,5.88,5.88,1561.0
2023,6,7,6,0,5.55,5.55,1561.0
2023,6,7,7,0,4.0600000000000005,4.0600000000000005,1561.0
2023,6,7,8,0,4.3100000000000005,4.3100000000000005,1561.0
2023,6,7,9,0,4.24,4.24,1561.0
2023,6,7,10,0,4.34,4.34,1561.0
2023,6,7,11,0,4.9,4.9,1561.0
2023,6,7,12,0,5.15,5.15,1561.0
2023,6,7,13,0,4.55,4.55,1561.0
2023,6,7,14,0,5.45,5.45,1561.0
2023,6,7,15,0,7.0600000000000005,7.0600000000000005,1561.0
2023,6,7,16,0,5.8500000000000005,5.8500000000000005,1561.0
2023,6,7,17,0,6.0,6.0,1561.0
2023,6,7,18,0,5.82,5.82,1561.0
2023,6,7,19,0,9.06,9.06,1561.0
2023,6,7,20,0,10.58,10.58,1561.0
2023,6,7,21,0,10.57,10.57,1561.0
2023,6,7,22,0,8.790000000000001,8.790000000000001,1561.0
2023,6,7,23,0,8.74,8.74,1561.0
2023,6,8,0,0,8.01,8.01,1561.0
2023,6,8,1,0,7.47,7.47,1561.0
2023,6,8,2,0,7.63,7.63,1561.0
2023,6,8,3,0,7.12,7.12,1561.0
2023,6,8,4,0,7.37,7.37,1561.0
2023,6,8,5,0,5.93,5.93,1561.0
2023,6,8,6,0,5.66,5.66,1561.0
2023,6,8,7,0,4.47,4.47,1561.0
2023,6,8,8,0,2.97,2.97,1561.0
2023,6,8,9,0,2.56,2.56,1561.0
2023,6,8,10,0,2.95,2.95,1561.0
2023,6,8,11,0,3.04,3.04,1561.0
2023,6,8,12,0,3.3200000000000003,3.3200000000000003,1561.0
2023,6,8,13,0,2.83,2.83,1561.0
2023,6,8,14,0,4.54,4.54,1561.0
2023,6,8,15,0,3.63,3.63,1561.0
2023,6,8,16,0,4.1,4.1,1561.0
2023,6,8,17,0,3.78,3.78,1561.0
2023,6,8,18,0,4.61,4.61,1561.0
2023,6,8,19,0,8.65,8.65,1561.0
2023,6,8,20,0,9.61,9.61,1561.0
2023,6,8,21,0,10.36,10.36,1561.0
2023,6,8,22,0,8.53,8.53,1561.0
2023,6,8,23,0,7.75,7.75,1561.0
2023,6,9,0,0,7.07,7.07,1561.0
2023,6,9,1,0,6.69,6.69,1561.0
2023,6,9,2,0,6.19,6.19,1561.0
2023,6,9,3,0,4.68,4.68,1561.0
2023,6,9,4,0,5.8500000000000005,5.8500000000000005,1561.0
2023,6,9,5,0,6.04,6.04,1561.0
2023,6,9,6,0,5.79,5.79,1561.0
2023,6,9,7,0,6.12,6.12,1561.0
2023,6,9,8,0,3.25,3.25,1561.0
2023,6,9,9,0,3.38,3.38,1561.0
2023,6,9,10,0,2.95,2.95,1561.0
2023,6,9,11,0,2.73,2.73,1561.0
2023,6,9,12,0,4.25,4.25,1561.0
2023,6,9,13,0,4.14,4.14,1561.0
2023,6,9,14,0,4.43,4.43,1561.0
2023,6,9,15,0,3.25,3.25,1561.0
2023,6,9,16,0,4.03,4.03,1561.0
2023,6,9,17,0,3.5500000000000003,3.5500000000000003,1561.0
2023,6,9,18,0,3.6,3.6,1561.0
2023,6,9,19,0,3.58,3.58,1561.0
2023,6,9,20,0,6.2,6.2,1561.0
2023,6,9,21,0,6.79,6.79,1561.0
2023,6,9,22,0,6.25,6.25,1561.0
2023,6,9,23,0,4.18,4.18,1561.0
2023,6,10,0,0,3.53,3.53,1561.0
2023,6,10,1,0,3.2,3.2,1561.0
2023,6,10,2,0,3.16,3.16,1561.0
2023,6,10,3,0,4.64,4.64,1561.0
2023,6,10,4,0,5.72,5.72,1561.0
2023,6,10,5,0,7.07,7.07,1561.0
2023,6,10,6,0,4.19,4.19,1561.0
2023,6,10,7,0,4.64,4.64,1561.0
2023,6,10,8,0,3.87,3.87,1561.0
2023,6,10,9,0,3.91,3.91,1561.0
2023,6,10,10,0,4.03,4.03,1561.0
2023,6,10,11,0,4.83,4.83,1561.0
2023,6,10,12,0,5.57,5.57,1561.0
2023,6,10,13,0,5.13,5.13,1561.0
2023,6,10,14,0,5.22,5.22,1561.0
2023,6,10,15,0,4.61,4.61,1561.0
2023,6,10,16,0,4.16,4.16,1561.0
2023,6,10,17,0,4.3100000000000005,4.3100000000000005,1561.0
2023,6,10,18,0,4.69,4.69,1561.0
2023,6,10,19,0,3.65,3.65,1561.0
2023,6,10,20,0,5.43,5.43,1561.0
2023,6,10,21,0,6.57,6.57,1561.0
2023,6,10,22,0,6.71,6.71,1561.0
2023,6,10,23,0,8.16,8.16,1561.0
2023,6,11,0,0,8.92,8.92,1561.0
2023,6,11,1,0,7.74,7.74,1561.0
2023,6,11,2,0,6.19,6.19,1561.0
2023,6,11,3,0,7.07,7.07,1561.0
2023,6,11,4,0,6.53,6.53,1561.0
2023,6,11,5,0,6.5600000000000005,6.5600000000000005,1561.0
2023,6,11,6,0,7.48,7.48,1561.0
2023,6,11,7,0,5.03,5.03,1561.0
2023,6,11,8,0,4.9,4.9,1561.0
2023,6,11,9,0,3.19,3.19,1561.0
2023,6,11,10,0,2.86,2.86,1561.0
2023,6,11,11,0,0.5,0.5,385.0447384604082
2023,6,11,12,0,3.58,3.58,1561.0
2023,6,11,13,0,5.07,5.07,1561.0
2023,6,11,14,0,5.08,5.08,1561.0
2023,6,11,15,0,7.51,7.51,1561.0
2023,6,11,16,0,6.3,6.3,1561.0
2023,6,11,17,0,9.41,9.41,1561.0
2023,6,11,18,0,10.13,10.13,1561.0
2023,6,11,19,0,11.45,11.45,1561.0
2023,6,11,20,0,11.21,11.21,1561.0
2023,6,11,21,0,10.76,10.76,1561.0
2023,6,11,22,0,10.71,10.71,1561.0
2023,6,11,23,0,11.85,11.85,1561.0
2023,6,12,0,0,11.51,11.51,1561.0
2023,6,12,1,0,11.59,11.59,1561.0
2023,6,12,2,0,10.77,10.77,1561.0
2023,6,12,3,0,9.69,9.69,1561.0
2023,6,12,4,0,9.0,9.0,1561.0
2023,6,12,5,0,8.8,8.8,1561.0
2023,6,12,6,0,7.63,7.63,1561.0
2023,6,12,7,0,8.05,8.05,1561.0
2023,6,12,8,0,7.75,7.75,1561.0
2023,6,12,9,0,6.45,6.45,1561.0
2023,6,12,10,0,7.45,7.45,1561.0
2023,6,12,11,0,7.85,7.85,1561.0
2023,6,12,12,0,6.67,6.67,1561.0
2023,6,12,13,0,7.55,7.55,1561.0
2023,6,12,14,0,7.31,7.31,1561.0
2023,6,12,15,0,8.040000000000001,8.040000000000001,1561.0
2023,6,12,16,0,7.31,7.31,1561.0
2023,6,12,17,0,7.46,7.46,1561.0
2023,6,12,18,0,7.24,7.24,1561.0
2023,6,12,19,0,7.33,7.33,1561.0
2023,6,12,20,0,4.98,4.98,1561.0
2023,6,12,21,0,1.48,1.48,1561.0
2023,6,12,22,0,2.92,2.92,1561.0
2023,6,12,23,0,5.72,5.72,1561.0
2023,6,13,0,0,8.620000000000001,8.620000000000001,1561.0
2023,6,13,1,0,10.35,10.35,1561.0
2023,6,13,2,0,11.02,11.02,1561.0
2023,6,13,3,0,9.84,9.84,1561.0
2023,6,13,4,0,8.75,8.75,1561.0
2023,6,13,5,0,9.27,9.27,1561.0
2023,6,13,6,0,9.42,9.42,1561.0
2023,6,13,7,0,10.24,10.24,1561.0
2023,6,13,8,0,8.620000000000001,8.620000000000001,1561.0
2023,6,13,9,0,6.8100000000000005,6.8100000000000005,1561.0
2023,6,13,10,0,4.88,4.88,1561.0
2023,6,13,11,0,7.0200000000000005,7.0200000000000005,1561.0
2023,6,13,12,0,6.29,6.29,1561.0
2023,6,13,13,0,9.64,9.64,1561.0
2023,6,13,14,0,10.35,10.35,1561.0
2023,6,13,15,0,10.32,10.32,1561.0
2023,6,13,16,0,11.64,11.64,1561.0
2023,6,13,17,0,9.02,9.02,1561.0
2023,6,13,18,0,9.61,9.61,1561.0
2023,6,13,19,0,5.5600000000000005,5.5600000000000005,1561.0
2023,6,13,20,0,5.33,5.33,1561.0
2023,6,13,21,0,4.17,4.17,1561.0
2023,6,13,22,0,3.84,3.84,1561.0
2023,6,13,23,0,6.140000000000001,6.140000000000001,1561.0
2023,6,14,0,0,10.46,10.46,1561.0
2023,6,14,1,0,7.72,7.72,1561.0
2023,6,14,2,0,7.6,7.6,1561.0
2023,6,14,3,0,6.9,6.9,1561.0
2023,6,14,4,0,6.8,6.8,1561.0
2023,6,14,5,0,5.15,5.15,1561.0
2023,6,14,6,0,4.3,4.3,1561.0
2023,6,14,7,0,3.0500000000000003,3.0500000000000003,1561.0
2023,6,14,8,0,2.67,2.67,1561.0
2023,6,14,9,0,3.53,3.53,1561.0
2023,6,14,10,0,4.53,4.53,1561.0
2023,6,14,11,0,3.67,3.67,1561.0
2023,6,14,12,0,3.53,3.53,1561.0
2023,6,14,13,0,3.28,3.28,1561.0
2023,6,14,14,0,3.74,3.74,1561.0
2023,6,14,15,0,4.11,4.11,1561.0
2023,6,14,16,0,4.14,4.14,1561.0
2023,6,14,17,0,4.5600000000000005,4.5600000000000005,1561.0
2023,6,14,18,0,5.04,5.04,1561.0
2023,6,14,19,0,4.0200000000000005,4.0200000000000005,1561.0
2023,6,14,20,0,3.66,3.66,1561.0
2023,6,14,21,0,5.26,5.26,1561.0
2023,6,14,22,0,2.81,2.81,1561.0
2023,6,14,23,0,2.62,2.62,1561.0
2023,6,15,0,0,2.1,2.1,1561.0
2023,6,15,1,0,0.33,0.33,110.69882212841354
2023,6,15,2,0,1.92,1.92,1561.0
2023,6,15,3,0,2.54,2.54,1561.0
2023,6,15,4,0,3.5700000000000003,3.5700000000000003,1561.0
2023,6,15,5,0,4.6000000000000005,4.6000000000000005,1561.0
2023,6,15,6,0,4.67,4.67,1561.0
2023,6,15,7,0,5.23,5.23,1561.0
2023,6,15,8,0,5.16,5.16,1561.0
2023,6,15,9,0,4.59,4.59,1561.0
2023,6,15,10,0,5.28,5.28,1561.0
2023,6,15,11,0,7.07,7.07,1561.0
2023,6,15,12,0,7.0200000000000005,7.0200000000000005,1561.0
2023,6,15,13,0,7.38,7.38,1561.0
2023,6,15,14,0,7.04,7.04,1561.0
2023,6,15,15,0,7.27,7.27,1561.0
2023,6,15,16,0,7.56,7.56,1561.0
2023,6,15,17,0,7.08,7.08,1561.0
2023,6,15,18,0,7.7,7.7,1561.0
2023,6,15,19,0,8.49,8.49,1561.0
2023,6,15,20,0,9.42,9.42,1561.0
2023,6,15,21,0,9.87,9.87,1561.0
2023,6,15,22,0,8.03,8.03,1561.0
2023,6,15,23,0,9.93,9.93,1561.0
2023,6,16,0,0,8.42,8.42,1561.0
2023,6,16,1,0,6.69,6.69,1561.0
2023,6,16,2,0,6.6000000000000005,6.6000000000000005,1561.0
2023,6,16,3,0,6.04,6.04,1561.0
2023,6,16,4,0,7.9,7.9,1561.0
2023,6,16,5,0,6.59,6.59,1561.0
2023,6,16,6,0,6.47,6.47,1561.0
2023,6,16,7,0,6.08,6.08,1561.0
2023,6,16,8,0,6.140000000000001,6.140000000000001,1561.0
2023,6,16,9,0,4.75,4.75,1561.0
2023,6,16,10,0,5.2,5.2,1561.0
2023,6,16,11,0,4.73,4.73,1561.0
2023,6,16,12,0,5.12,5.12,1561.0
2023,6,16,13,0,4.15,4.15,1561.0
2023,6,16,14,0,6.54,6.54,1561.0
2023,6,16,15,0,4.0600000000000005,4.0600000000000005,1561.0
2023,6,16,16,0,4.0200000000000005,4.0200000000000005,1561.0
2023,6,16,17,0,4.5200000000000005,4.5200000000000005,1561.0
2023,6,16,18,0,4.22,4.22,1561.0
2023,6,16,19,0,6.36,6.36,1561.0
2023,6,16,20,0,7.15,7.15,1561.0
2023,6,16,21,0,8.92,8.92,1561.0
2023,6,16,22,0,6.890000000000001,6.890000000000001,1561.0
2023,6,16,23,0,6.8500000000000005,6.8500000000000005,1561.0
2023,6,17,0,0,5.98,5.98,1561.0
2023,6,17,1,0,6.47,6.47,1561.0
2023,6,17,2,0,6.46,6.46,1561.0
2023,6,17,3,0,6.13,6.13,1561.0
2023,6,17,4,0,5.3,5.3,1561.0
2023,6,17,5,0,3.95,3.95,1561.0
2023,6,17,6,0,1.05,1.05,1561.0
2023,6,17,7,0,2.17,2.17,1561.0
2023,6,17,8,0,0.54,0.54,485.0454775754378
2023,6,17,9,0,0.61,0.61,699.1827182438553
2023,6,17,10,0,1.8,1.8,1561.0
2023,6,17,11,0,1.56,1.56,1561.0
2023,6,17,12,0,0.53,0.53,458.59444422216154
2023,6,17,13,0,0.31,0.31,91.76694242779216
2023,6,17,14,0,3.15,3.15,1561.0
2023,6,17,15,0,1.66,1.66,1561.0
2023,6,17,16,0,1.75,1.75,1561.0
2023,6,17,17,0,3.85,3.85,1561.0
2023,6,17,18,0,3.96,3.96,1561.0
2023,6,17,19,0,3.6,3.6,1561.0
2023,6,17,20,0,2.44,2.44,1561.0
2023,6,17,21,0,4.64,4.64,1561.0
2023,6,17,22,0,4.8500000000000005,4.8500000000000005,1561.0
2023,6,17,23,0,3.13,3.13,1561.0
2023,6,18,0,0,2.6,2.6,1561.0
2023,6,18,1,0,2.27,2.27,1561.0
2023,6,18,2,0,2.77,2.77,1561.0
2023,6,18,3,0,1.71,1.71,1561.0
2023,6,18,4,0,3.12,3.12,1561.0
2023,6,18,5,0,5.14,5.14,1561.0
2023,6,18,6,0,6.96,6.96,1561.0
2023,6,18,7,0,6.61,6.61,1561.0
2023,6,18,8,0,3.45,3.45,1561.0
2023,6,18,9,0,4.21,4.21,1561.0
2023,6,18,10,0,4.57,4.57,1561.0
2023,6,18,11,0,5.16,5.16,1561.0
2023,6,18,12,0,4.73,4.73,1561.0
2023,6,18,13,0,5.55,5.55,1561.0
2023,6,18,14,0,5.41,5.41,1561.0
2023,6,18,15,0,5.36,5.36,1561.0
2023,6,18,16,0,5.33,5.33,1561.0
2023,6,18,17,0,5.57,5.57,1561.0
2023,6,18,18,0,5.46,5.46,1561.0
2023,6,18,19,0,4.13,4.13,1561.0
2023,6,18,20,0,3.04,3.04,1561.0
2023,6,18,21,0,2.01,2.01,1561.0
2023,6,18,22,0,6.98,6.98,1561.0
2023,6,18,23,0,6.79,6.79,1561.0
2023,6,19,0,0,5.88,5.88,1561.0
2023,6,19,1,0,6.95,6.95,1561.0
2023,6,19,2,0,6.12,6.12,1561.0
2023,6,19,3,0,7.0,7.0,1561.0
2023,6,19,4,0,6.96,6.96,1561.0
2023,6,19,5,0,9.69,9.69,1561.0
2023,6,19,6,0,9.32,9.32,1561.0
2023,6,19,7,0,6.67,6.67,1561.0
2023,6,19,8,0,6.69,6.69,1561.0
2023,6,19,9,0,7.57,7.57,1561.0
2023,6,19,10,0,7.73,7.73,1561.0
2023,6,19,11,0,7.37,7.37,1561.0
2023,6,19,12,0,7.69,7.69,1561.0
2023,6,19,13,0,6.37,6.37,1561.0
2023,6,19,14,0,6.5200000000000005,6.5200000000000005,1561.0
2023,6,19,15,0,7.17,7.17,1561.0
2023,6,19,16,0,7.34,7.34,1561.0
2023,6,19,17,0,7.640000000000001,7.640000000000001,1561.0
2023,6,19,18,0,7.67,7.67,1561.0
2023,6,19,19,0,6.18,6.18,1561.0
2023,6,19,20,0,4.5,4.5,1561.0
2023,6,19,21,0,4.89,4.89,1561.0
2023,6,19,22,0,5.5600000000000005,5.5600000000000005,1561.0
2023,6,19,23,0,6.74,6.74,1561.0
2023,6,20,0,0,8.21,8.21,1561.0
2023,6,20,1,0,8.06,8.06,1561.0
2023,6,20,2,0,8.09,8.09,1561.0
2023,6,20,3,0,7.92,7.92,1561.0
2023,6,20,4,0,8.3,8.3,1561.0
2023,6,20,5,0,8.6,8.6,1561.0
2023,6,20,6,0,8.57,8.57,1561.0
2023,6,20,7,0,7.68,7.68,1561.0
2023,6,20,8,0,7.82,7.82,1561.0
2023,6,20,9,0,6.93,6.93,1561.0
2023,6,20,10,0,8.01,8.01,1561.0
2023,6,20,11,0,7.59,7.59,1561.0
2023,6,20,12,0,7.77,7.77,1561.0
2023,6,20,13,0,8.08,8.08,1561.0
2023,6,20,14,0,8.94,8.94,1561.0
2023,6,20,15,0,9.03,9.03,1561.0
2023,6,20,16,0,10.72,10.72,1561.0
2023,6,20,17,0,10.95,10.95,1561.0
2023,6,20,18,0,12.43,12.43,1561.0
2023,6,20,19,0,11.32,11.32,1561.0
2023,6,20,20,0,11.05,11.05,1561.0
2023,6,20,21,0,10.09,10.09,1561.0
2023,6,20,22,0,8.97,8.97,1561.0
2023,6,20,23,0,8.78,8.78,1561.0
2023,6,21,0,0,8.08,8.08,1561.0
2023,6,21,1,0,8.9,8.9,1561.0
2023,6,21,2,0,7.390000000000001,7.390000000000001,1561.0
2023,6,21,3,0,6.13,6.13,1561.0
2023,6,21,4,0,6.11,6.11,1561.0
2023,6,21,5,0,6.66,6.66,1561.0
2023,6,21,6,0,7.48,7.48,1561.0
2023,6,21,7,0,7.71,7.71,1561.0
2023,6,21,8,0,5.91,5.91,1561.0
2023,6,21,9,0,6.96,6.96,1561.0
2023,6,21,10,0,7.37,7.37,1561.0
2023,6,21,11,0,8.43,8.43,1561.0
2023,6,21,12,0,8.33,8.33,1561.0
2023,6,21,13,0,8.39,8.39,1561.0
2023,6,21,14,0,8.16,8.16,1561.0
2023,6,21,15,0,8.28,8.28,1561.0
2023,6,21,16,0,8.540000000000001,8.540000000000001,1561.0
2023,6,21,17,0,9.08,9.08,1561.0
2023,6,21,18,0,7.88,7.88,1561.0
2023,6,21,19,0,7.43,7.43,1561.0
2023,6,21,20,0,7.37,7.37,1561.0
2023,6,21,21,0,8.09,8.09,1561.0
2023,6,21,22,0,7.1000000000000005,7.1000000000000005,1561.0
2023,6,21,23,0,7.28,7.28,1561.0
2023,6,22,0,0,5.94,5.94,1561.0
2023,6,22,1,0,9.1,9.1,1561.0
2023,6,22,2,0,6.8100000000000005,6.8100000000000005,1561.0
2023,6,22,3,0,6.140000000000001,6.140000000000001,1561.0
2023,6,22,4,0,6.07,6.07,1561.0
2023,6,22,5,0,6.63,6.63,1561.0
2023,6,22,6,0,6.51,6.51,1561.0
2023,6,22,7,0,2.61,2.61,1561.0
2023,6,22,8,0,1.84,1.84,1561.0
2023,6,22,9,0,2.31,2.31,1561.0
2023,6,22,10,0,4.92,4.92,1561.0
2023,6,22,11,0,4.42,4.42,1561.0
2023,6,22,12,0,4.99,4.99,1561.0
2023,6,22,13,0,5.33,5.33,1561.0
2023,6,22,14,0,4.45,4.45,1561.0
2023,6,22,15,0,2.42,2.42,1561.0
2023,6,22,16,0,6.55,6.55,1561.0
2023,6,22,17,0,7.49,7.49,1561.0
2023,6,22,18,0,8.2,8.2,1561.0
2023,6,22,19,0,7.27,7.27,1561.0
2023,6,22,20,0,5.24,5.24,1561.0
2023,6,22,21,0,4.82,4.82,1561.0
2023,6,22,22,0,4.74,4.74,1561.0
2023,6,22,23,0,3.46,3.46,1561.0
2023,6,23,0,0,1.83,1.83,1561.0
2023,6,23,1,0,2.16,2.16,1561.0
2023,6,23,2,0,1.85,1.85,1561.0
2023,6,23,3,0,2.14,2.14,1561.0
2023,6,23,4,0,1.29,1.29,1561.0
2023,6,23,5,0,3.13,3.13,1561.0
2023,6,23,6,0,4.12,4.12,1561.0
2023,6,23,7,0,1.36,1.36,1561.0
2023,6,23,8,0,1.58,1.58,1561.0
2023,6,23,9,0,2.5,2.5,1561.0
2023,6,23,10,0,3.18,3.18,1561.0
2023,6,23,11,0,4.53,4.53,1561.0
2023,6,23,12,0,3.82,3.82,1561.0
2023,6,23,13,0,3.8,3.8,1561.0
2023,6,23,14,0,3.27,3.27,1561.0
2023,6,23,15,0,4.25,4.25,1561.0
2023,6,23,16,0,4.5,4.5,1561.0
2023,6,23,17,0,4.05,4.05,1561.0
2023,6,23,18,0,3.94,3.94,1561.0
2023,6,23,19,0,3.12,3.12,1561.0
2023,6,23,20,0,2.77,2.77,1561.0
2023,6,23,21,0,5.64,5.64,1561.0
2023,6,23,22,0,2.86,2.86,1561.0
2023,6,23,23,0,4.65,4.65,1561.0
2023,6,24,0,0,3.15,3.15,1561.0
2023,6,24,1,0,4.75,4.75,1561.0
2023,6,24,2,0,1.3,1.3,1561.0
2023,6,24,3,0,3.02,3.02,1561.0
2023,6,24,4,0,4.3,4.3,1561.0
2023,6,24,5,0,3.16,3.16,1561.0
2023,6,24,6,0,3.42,3.42,1561.0
2023,6,24,7,0,2.21,2.21,1561.0
2023,6,24,8,0,1.26,1.26,1561.0
2023,6,24,9,0,1.42,1.42,1561.0
2023,6,24,10,0,2.54,2.54,1561.0
2023,6,24,11,0,1.57,1.57,1561.0
2023,6,24,12,0,3.15,3.15,1561.0
2023,6,24,13,0,4.89,4.89,1561.0
2023,6,24,14,0,5.38,5.38,1561.0
2023,6,24,15,0,3.99,3.99,1561.0
2023,6,24,16,0,4.5200000000000005,4.5200000000000005,1561.0
2023,6,24,17,0,3.35,3.35,1561.0
2023,6,24,18,0,3.34,3.34,1561.0
2023,6,24,19,0,0.99,0.99,1561.0
2023,6,24,20,0,2.61,2.61,1561.0
2023,6,24,21,0,3.98,3.98,1561.0
2023,6,24,22,0,6.62,6.62,1561.0
2023,6,24,23,0,8.22,8.22,1561.0
2023,6,25,0,0,8.66,8.66,1561.0
2023,6,25,1,0,9.47,9.47,1561.0
2023,6,25,2,0,9.53,9.53,1561.0
2023,6,25,3,0,9.17,9.17,1561.0
2023,6,25,4,0,11.17,11.17,1561.0
2023,6,25,5,0,10.58,10.58,1561.0
2023,6,25,6,0,12.05,12.05,1561.0
2023,6,25,7,0,5.62,5.62,1561.0
2023,6,25,8,0,8.82,8.82,1561.0
2023,6,25,9,0,6.72,6.72,1561.0
2023,6,25,10,0,9.34,9.34,1561.0
2023,6,25,11,0,10.96,10.96,1561.0
2023,6,25,12,0,11.24,11.24,1561.0
2023,6,25,13,0,10.71,10.71,1561.0
2023,6,25,14,0,11.2,11.2,1561.0
2023,6,25,15,0,15.41,15.41,1561.0
2023,6,25,16,0,13.6,13.6,1561.0
2023,6,25,17,0,12.66,12.66,1561.0
2023,6,25,18,0,11.31,11.31,1561.0
2023,6,25,19,0,10.79,10.79,1561.0
2023,6,25,20,0,10.14,10.14,1561.0
2023,6,25,21,0,7.66,7.66,1561.0
2023,6,25,22,0,9.95,9.95,1561.0
2023,6,25,23,0,9.54,9.54,1561.0
2023,6,26,0,0,7.95,7.95,1561.0
2023,6,26,1,0,11.1,11.1,1561.0
2023,6,26,2,0,10.26,10.26,1561.0
2023,6,26,3,0,8.58,8.58,1561.0
2023,6,26,4,0,9.93,9.93,1561.0
2023,6,26,5,0,8.86,8.86,1561.0
2023,6,26,6,0,8.51,8.51,1561.0
2023,6,26,7,0,9.75,9.75,1561.0
2023,6,26,8,0,10.38,10.38,1561.0
2023,6,26,9,0,10.31,10.31,1561.0
2023,6,26,10,0,9.91,9.91,1561.0
2023,6,26,11,0,9.87,9.87,1561.0
2023,6,26,12,0,11.48,11.48,1561.0
2023,6,26,13,0,12.99,12.99,1561.0
2023,6,26,14,0,12.38,12.38,1561.0
2023,6,26,15,0,11.24,11.24,1561.0
2023,6,26,16,0,11.46,11.46,1561.0
2023,6,26,17,0,10.38,10.38,1561.0
2023,6,26,18,0,10.58,10.58,1561.0
2023,6,26,19,0,9.85,9.85,1561.0
2023,6,26,20,0,9.49,9.49,1561.0
2023,6,26,21,0,6.1000000000000005,6.1000000000000005,1561.0
2023,6,26,22,0,6.0200000000000005,6.0200000000000005,1561.0
2023,6,26,23,0,7.52,7.52,1561.0
2023,6,27,0,0,8.71,8.71,1561.0
2023,6,27,1,0,7.51,7.51,1561.0
2023,6,27,2,0,7.0200000000000005,7.0200000000000005,1561.0
2023,6,27,3,0,6.37,6.37,1561.0
2023,6,27,4,0,4.71,4.71,1561.0
2023,6,27,5,0,5.23,5.23,1561.0
2023,6,27,6,0,6.25,6.25,1561.0
2023,6,27,7,0,7.04,7.04,1561.0
2023,6,27,8,0,4.92,4.92,1561.0
2023,6,27,9,0,5.84,5.84,1561.0
2023,6,27,10,0,5.34,5.34,1561.0
2023,6,27,11,0,5.7700000000000005,5.7700000000000005,1561.0
2023,6,27,12,0,5.5,5.5,1561.0
2023,6,27,13,0,6.55,6.55,1561.0
2023,6,27,14,0,6.25,6.25,1561.0
2023,6,27,15,0,7.03,7.03,1561.0
2023,6,27,16,0,6.67,6.67,1561.0
2023,6,27,17,0,6.87,6.87,1561.0
2023,6,27,18,0,7.9,7.9,1561.0
2023,6,27,19,0,9.11,9.11,1561.0
2023,6,27,20,0,7.1000000000000005,7.1000000000000005,1561.0
2023,6,27,21,0,6.76,6.76,1561.0
2023,6,27,22,0,7.33,7.33,1561.0
2023,6,27,23,0,6.3100000000000005,6.3100000000000005,1561.0
2023,6,28,0,0,4.65,4.65,1561.0
2023,6,28,1,0,4.84,4.84,1561.0
2023,6,28,2,0,5.28,5.28,1561.0
2023,6,28,3,0,5.55,5.55,1561.0
2023,6,28,4,0,2.16,2.16,1561.0
2023,6,28,5,0,1.37,1.37,1561.0
2023,6,28,6,0,1.62,1.62,1561.0
2023,6,28,7,0,2.26,2.26,1561.0
2023,6,28,8,0,0.67,0.67,926.4576853885422
2023,6,28,9,0,2.21,2.21,1561.0
2023,6,28,10,0,1.05,1.05,1561.0
2023,6,28,11,0,0.8300000000000001,0.8300000000000001,1561.0
2023,6,28,12,0,2.37,2.37,1561.0
2023,6,28,13,0,3.15,3.15,1561.0
2023,6,28,14,0,2.49,2.49,1561.0
2023,6,28,15,0,2.4,2.4,1561.0
2023,6,28,16,0,4.11,4.11,1561.0
2023,6,28,17,0,4.57,4.57,1561.0
2023,6,28,18,0,4.12,4.12,1561.0
2023,6,28,19,0,5.57,5.57,1561.0
2023,6,28,20,0,4.2,4.2,1561.0
2023,6,28,21,0,5.0200000000000005,5.0200000000000005,1561.0
2023,6,28,22,0,5.65,5.65,1561.0
2023,6,28,23,0,3.08,3.08,1561.0
2023,6,29,0,0,6.05,6.05,1561.0
2023,6,29,1,0,8.3,8.3,1561.0
2023,6,29,2,0,9.47,9.47,1561.0
2023,6,29,3,0,9.45,9.45,1561.0
2023,6,29,4,0,8.58,8.58,1561.0
2023,6,29,5,0,9.32,9.32,1561.0
2023,6,29,6,0,9.91,9.91,1561.0
2023,6,29,7,0,10.78,10.78,1561.0
2023,6,29,8,0,8.73,8.73,1561.0
2023,6,29,9,0,9.64,9.64,1561.0
2023,6,29,10,0,10.08,10.08,1561.0
2023,6,29,11,0,7.59,7.59,1561.0
2023,6,29,12,0,7.65,7.65,1561.0
2023,6,29,13,0,7.47,7.47,1561.0
2023,6,29,14,0,7.7,7.7,1561.0
2023,6,29,15,0,12.07,12.07,1561.0
2023,6,29,16,0,8.35,8.35,1561.0
2023,6,29,17,0,10.39,10.39,1561.0
2023,6,29,18,0,5.0200000000000005,5.0200000000000005,1561.0
2023,6,29,19,0,9.97,9.97,1561.0
2023,6,29,20,0,10.75,10.75,1561.0
2023,6,29,21,0,11.13,11.13,1561.0
2023,6,29,22,0,8.370000000000001,8.370000000000001,1561.0
2023,6,29,23,0,6.45,6.45,1561.0
2023,6,30,0,0,9.0,9.0,1561.0
2023,6,30,1,0,8.13,8.13,1561.0
2023,6,30,2,0,5.5600000000000005,5.5600000000000005,1561.0
2023,6,30,3,0,3.75,3.75,1561.0
2023,6,30,4,0,5.15,5.15,1561.0
2023,6,30,5,0,4.63,4.63,1561.0
2023,6,30,6,0,5.44,5.44,1561.0
2023,6,30,7,0,4.5600000000000005,4.5600000000000005,1561.0
2023,6,30,8,0,2.96,2.96,1561.0
2023,6,30,9,0,2.91,2.91,1561.0
2023,6,30,10,0,2.58,2.58,1561.0
2023,6,30,11,0,2.53,2.53,1561.0
2023,6,30,12,0,2.64,2.64,1561.0
2023,6,30,13,0,1.44,1.44,1561.0
2023,6,30,14,0,3.4,3.4,1561.0
2023,6,30,15,0,3.96,3.96,1561.0
2023,6,30,16,0,2.26,2.26,1561.0
2023,6,30,17,0,4.17,4.17,1561.0
2023,6,30,18,0,5.46,5.46,1561.0
2023,6,30,19,0,2.22,2.22,1561.0
2023,6,30,20,0,1.55,1.55,1561.0
2023,6,30,21,0,1.65,1.65,1561.0
2023,6,30,22,0,2.35,2.35,1561.0
2023,6,30,23,0,3.31,3.31,1561.0
2023,7,1,0,0,2.07,2.07,1561.0
2023,7,1,1,0,2.76,2.76,1561.0
2023,7,1,2,0,4.42,4.42,1561.0
2023,7,1,3,0,6.83,6.83,1561.0
2023,7,1,4,0,3.5,3.5,1561.0
2023,7,1,5,0,6.92,6.92,1561.0
2023,7,1,6,0,6.63,6.63,1561.0
2023,7,1,7,0,6.67,6.67,1561.0
2023,7,1,8,0,10.42,10.42,1561.0
2023,7,1,9,0,5.26,5.26,1561.0
2023,7,1,10,0,6.44,6.44,1561.0
2023,7,1,11,0,5.8,5.8,1561.0
2023,7,1,12,0,5.62,5.62,1561.0
2023,7,1,13,0,6.22,6.22,1561.0
2023,7,1,14,0,6.16,6.16,1561.0
2023,7,1,15,0,5.2,5.2,1561.0
2023,7,1,16,0,5.12,5.12,1561.0
2023,7,1,17,0,3.37,3.37,1561.0
2023,7,1,18,0,2.4,2.4,1561.0
2023,7,1,19,0,3.14,3.14,1561.0
2023,7,1,20,0,1.85,1.85,1561.0
2023,7,1,21,0,4.17,4.17,1561.0
2023,7,1,22,0,9.16,9.16,1561.0
2023,7,1,23,0,5.72,5.72,1561.0
2023,7,2,0,0,4.5200000000000005,4.5200000000000005,1561.0
2023,7,2,1,0,2.74,2.74,1561.0
2023,7,2,2,0,5.61,5.61,1561.0
2023,7,2,3,0,4.49,4.49,1561.0
2023,7,2,4,0,4.63,4.63,1561.0
2023,7,2,5,0,4.4,4.4,1561.0
2023,7,2,6,0,5.5200000000000005,5.5200000000000005,1561.0
2023,7,2,7,0,6.0200000000000005,6.0200000000000005,1561.0
2023,7,2,8,0,8.09,8.09,1561.0
2023,7,2,9,0,8.56,8.56,1561.0
2023,7,2,10,0,7.91,7.91,1561.0
2023,7,2,11,0,10.09,10.09,1561.0
2023,7,2,12,0,7.12,7.12,1561.0
2023,7,2,13,0,7.65,7.65,1561.0
2023,7,2,14,0,7.57,7.57,1561.0
2023,7,2,15,0,7.890000000000001,7.890000000000001,1561.0
2023,7,2,16,0,6.7,6.7,1561.0
2023,7,2,17,0,6.640000000000001,6.640000000000001,1561.0
2023,7,2,18,0,8.13,8.13,1561.0
2023,7,2,19,0,4.63,4.63,1561.0
2023,7,2,20,0,6.75,6.75,1561.0
2023,7,2,21,0,5.5200000000000005,5.5200000000000005,1561.0
2023,7,2,22,0,7.45,7.45,1561.0
2023,7,2,23,0,3.96,3.96,1561.0
2023,7,3,0,0,2.82,2.82,1561.0
2023,7,3,1,0,3.38,3.38,1561.0
2023,7,3,2,0,5.0600000000000005,5.0600000000000005,1561.0
2023,7,3,3,0,6.18,6.18,1561.0
2023,7,3,4,0,5.36,5.36,1561.0
2023,7,3,5,0,5.65,5.65,1561.0
2023,7,3,6,0,6.69,6.69,1561.0
2023,7,3,7,0,7.31,7.31,1561.0
2023,7,3,8,0,5.79,5.79,1561.0
2023,7,3,9,0,4.0200000000000005,4.0200000000000005,1561.0
2023,7,3,10,0,4.95,4.95,1561.0
2023,7,3,11,0,5.09,5.09,1561.0
2023,7,3,12,0,4.95,4.95,1561.0
2023,7,3,13,0,4.95,4.95,1561.0
2023,7,3,14,0,5.2,5.2,1561.0
2023,7,3,15,0,5.08,5.08,1561.0
2023,7,3,16,0,5.29,5.29,1561.0
2023,7,3,17,0,4.89,4.89,1561.0
2023,7,3,18,0,4.16,4.16,1561.0
2023,7,3,19,0,4.11,4.11,1561.0
2023,7,3,20,0,3.25,3.25,1561.0
2023,7,3,21,0,2.56,2.56,1561.0
2023,7,3,22,0,1.68,1.68,1561.0
2023,7,3,23,0,1.39,1.39,1561.0
2023,7,4,0,0,0.41,0.41,212.3013473554383
2023,7,4,1,0,2.64,2.64,1561.0
2023,7,4,2,0,2.97,2.97,1561.0
2023,7,4,3,0,4.2700000000000005,4.2700000000000005,1561.0
2023,7,4,4,0,3.78,3.78,1561.0
2023,7,4,5,0,3.08,3.08,1561.0
2023,7,4,6,0,3.44,3.44,1561.0
2023,7,4,7,0,4.11,4.11,1561.0
2023,7,4,8,0,2.65,2.65,1561.0
2023,7,4,9,0,2.24,2.24,1561.0
2023,7,4,10,0,2.73,2.73,1561.0
2023,7,4,11,0,3.04,3.04,1561.0
2023,7,4,12,0,2.96,2.96,1561.0
2023,7,4,13,0,3.62,3.62,1561.0
2023,7,4,14,0,2.27,2.27,1561.0
2023,7,4,15,0,2.5500000000000003,2.5500000000000003,1561.0
2023,7,4,16,0,1.33,1.33,1561.0
2023,7,4,17,0,2.07,2.07,1561.0
2023,7,4,18,0,1.73,1.73,1561.0
2023,7,4,19,0,0.39,0.39,182.72375072586365
2023,7,4,20,0,4.8500000000000005,4.8500000000000005,1561.0
2023,7,4,21,0,4.3100000000000005,4.3100000000000005,1561.0
2023,7,4,22,0,3.78,3.78,1561.0
2023,7,4,23,0,3.1,3.1,1561.0
2023,7,5,0,0,4.38,4.38,1561.0
2023,7,5,1,0,4.29,4.29,1561.0
2023,7,5,2,0,4.63,4.63,1561.0
2023,7,5,3,0,4.11,4.11,1561.0
2023,7,5,4,0,4.53,4.53,1561.0
2023,7,5,5,0,3.97,3.97,1561.0
2023,7,5,6,0,5.2,5.2,1561.0
2023,7,5,7,0,3.79,3.79,1561.0
2023,7,5,8,0,2.95,2.95,1561.0
2023,7,5,9,0,2.27,2.27,1561.0
2023,7,5,10,0,4.61,4.61,1561.0
2023,7,5,11,0,5.51,5.51,1561.0
2023,7,5,12,0,4.3100000000000005,4.3100000000000005,1561.0
2023,7,5,13,0,4.8,4.8,1561.0
2023,7,5,14,0,4.76,4.76,1561.0
2023,7,5,15,0,5.84,5.84,1561.0
2023,7,5,16,0,6.11,6.11,1561.0
2023,7,5,17,0,6.19,6.19,1561.0
2023,7,5,18,0,5.62,5.62,1561.0
2023,7,5,19,0,5.43,5.43,1561.0
2023,7,5,20,0,5.83,5.83,1561.0
2023,7,5,21,0,9.36,9.36,1561.0
2023,7,5,22,0,9.76,9.76,1561.0
2023,7,5,23,0,2.38,2.38,1561.0
2023,7,6,0,0,0.05,0.05,0.3850447384604083
2023,7,6,1,0,1.18,1.18,1561.0
2023,7,6,2,0,2.64,2.64,1561.0
2023,7,6,3,0,3.88,3.88,1561.0
2023,7,6,4,0,4.45,4.45,1561.0
2023,7,6,5,0,4.87,4.87,1561.0
2023,7,6,6,0,2.89,2.89,1561.0
2023,7,6,7,0,3.81,3.81,1561.0
2023,7,6,8,0,1.78,1.78,1561.0
2023,7,6,9,0,3.28,3.28,1561.0
2023,7,6,10,0,2.83,2.83,1561.0
2023,7,6,11,0,3.3000000000000003,3.3000000000000003,1561.0
2023,7,6,12,0,4.14,4.14,1561.0
2023,7,6,13,0,5.3,5.3,1561.0
2023,7,6,14,0,4.93,4.93,1561.0
2023,7,6,15,0,7.29,7.29,1561.0
2023,7,6,16,0,7.640000000000001,7.640000000000001,1561.0
2023,7,6,17,0,6.48,6.48,1561.0
2023,7,6,18,0,5.44,5.44,1561.0
2023,7,6,19,0,4.94,4.94,1561.0
2023,7,6,20,0,3.94,3.94,1561.0
2023,7,6,21,0,3.88,3.88,1561.0
2023,7,6,22,0,2.69,2.69,1561.0
2023,7,6,23,0,5.64,5.64,1561.0
2023,7,7,0,0,5.18,5.18,1561.0
2023,7,7,1,0,4.73,4.73,1561.0
2023,7,7,2,0,4.16,4.16,1561.0
2023,7,7,3,0,3.74,3.74,1561.0
2023,7,7,4,0,4.13,4.13,1561.0
2023,7,7,5,0,6.15,6.15,1561.0
2023,7,7,6,0,4.63,4.63,1561.0
2023,7,7,7,0,3.48,3.48,1561.0
2023,7,7,8,0,1.74,1.74,1561.0
2023,7,7,9,0,1.72,1.72,1561.0
2023,7,7,10,0,1.37,1.37,1561.0
2023,7,7,11,0,0.67,0.67,926.4576853885422
2023,7,7,12,0,1.61,1.61,1561.0
2023,7,7,13,0,1.8,1.8,1561.0
2023,7,7,14,0,2.54,2.54,1561.0
2023,7,7,15,0,3.08,3.08,1561.0
2023,7,7,16,0,2.45,2.45,1561.0
2023,7,7,17,0,2.78,2.78,1561.0
2023,7,7,18,0,2.85,2.85,1561.0
2023,7,7,19,0,3.46,3.46,1561.0
2023,7,7,20,0,6.3,6.3,1561.0
2023,7,7,21,0,4.58,4.58,1561.0
2023,7,7,22,0,3.23,3.23,1561.0
2023,7,7,23,0,0.72,0.72,1149.7374283269635
2023,7,8,0,0,0.35,0.35,132.07034529191998
2023,7,8,1,0,1.12,1.12,1561.0
2023,7,8,2,0,0.62,0.62,734.1355394223373
2023,7,8,3,0,1.47,1.47,1561.0
2023,7,8,4,0,2.73,2.73,1561.0
2023,7,8,5,0,7.78,7.78,1561.0
2023,7,8,6,0,6.0,6.0,1561.0
2023,7,8,7,0,5.9,5.9,1561.0
2023,7,8,8,0,6.390000000000001,6.390000000000001,1561.0
2023,7,8,9,0,5.13,5.13,1561.0
2023,7,8,10,0,1.44,1.44,1561.0
2023,7,8,11,0,2.8000000000000003,2.8000000000000003,1561.0
2023,7,8,12,0,4.4,4.4,1561.0
2023,7,8,13,0,3.14,3.14,1561.0
2023,7,8,14,0,3.63,3.63,1561.0
2023,7,8,15,0,3.02,3.02,1561.0
2023,7,8,16,0,5.23,5.23,1561.0
2023,7,8,17,0,5.07,5.07,1561.0
2023,7,8,18,0,6.890000000000001,6.890000000000001,1561.0
2023,7,8,19,0,6.24,6.24,1561.0
2023,7,8,20,0,4.73,4.73,1561.0
2023,7,8,21,0,4.8,4.8,1561.0
2023,7,8,22,0,5.25,5.25,1561.0
2023,7,8,23,0,4.89,4.89,1561.0
2023,7,9,0,0,4.16,4.16,1561.0
2023,7,9,1,0,4.3,4.3,1561.0
2023,7,9,2,0,5.19,5.19,1561.0
2023,7,9,3,0,7.37,7.37,1561.0
2023,7,9,4,0,6.47,6.47,1561.0
2023,7,9,5,0,4.21,4.21,1561.0
2023,7,9,6,0,3.78,3.78,1561.0
2023,7,9,7,0,1.89,1.89,1561.0
2023,7,9,8,0,1.66,1.66,1561.0
2023,7,9,9,0,0.8200000000000001,0.8200000000000001,1561.0
2023,7,9,10,0,1.37,1.37,1561.0
2023,7,9,11,0,1.95,1.95,1561.0
2023,7,9,12,0,0.86,0.86,1561.0
2023,7,9,13,0,1.3,1.3,1561.0
2023,7,9,14,0,2.31,2.31,1561.0
2023,7,9,15,0,2.54,2.54,1561.0
2023,7,9,16,0,2.53,2.53,1561.0
2023,7,9,17,0,3.23,3.23,1561.0
2023,7,9,18,0,3.24,3.24,1561.0
2023,7,9,19,0,3.9,3.9,1561.0
2023,7,9,20,0,3.15,3.15,1561.0
2023,7,9,21,0,3.28,3.28,1561.0
2023,7,9,22,0,4.26,4.26,1561.0
2023,7,9,23,0,2.27,2.27,1561.0
2023,7,10,0,0,1.79,1.79,1561.0
2023,7,10,1,0,3.13,3.13,1561.0
2023,7,10,2,0,2.86,2.86,1561.0
2023,7,10,3,0,3.61,3.61,1561.0
2023,7,10,4,0,4.75,4.75,1561.0
2023,7,10,5,0,4.2,4.2,1561.0
2023,7,10,6,0,3.53,3.53,1561.0
2023,7,10,7,0,4.87,4.87,1561.0
2023,7,10,8,0,2.9,2.9,1561.0
2023,7,10,9,0,2.02,2.02,1561.0
2023,7,10,10,0,2.74,2.74,1561.0
2023,7,10,11,0,3.5500000000000003,3.5500000000000003,1561.0
2023,7,10,12,0,4.32,4.32,1561.0
2023,7,10,13,0,4.29,4.29,1561.0
2023,7,10,14,0,4.66,4.66,1561.0
2023,7,10,15,0,4.5200000000000005,4.5200000000000005,1561.0
2023,7,10,16,0,4.38,4.38,1561.0
2023,7,10,17,0,3.34,3.34,1561.0
2023,7,10,18,0,4.14,4.14,1561.0
2023,7,10,19,0,4.43,4.43,1561.0
2023,7,10,20,0,3.37,3.37,1561.0
2023,7,10,21,0,5.18,5.18,1561.0
2023,7,10,22,0,6.17,6.17,1561.0
2023,7,10,23,0,7.51,7.51,1561.0
2023,7,11,0,0,8.5,8.5,1561.0
2023,7,11,1,0,9.07,9.07,1561.0
2023,7,11,2,0,8.28,8.28,1561.0
2023,7,11,3,0,7.59,7.59,1561.0
2023,7,11,4,0,8.39,8.39,1561.0
2023,7,11,5,0,7.86,7.86,1561.0
2023,7,11,6,0,8.950000000000001,8.950000000000001,1561.0
2023,7,11,7,0,9.03,9.03,1561.0
2023,7,11,8,0,7.0200000000000005,7.0200000000000005,1561.0
2023,7,11,9,0,7.0,7.0,1561.0
2023,7,11,10,0,7.83,7.83,1561.0
2023,7,11,11,0,8.6,8.6,1561.0
2023,7,11,12,0,8.56,8.56,1561.0
2023,7,11,13,0,8.83,8.83,1561.0
2023,7,11,14,0,8.1,8.1,1561.0
2023,7,11,15,0,7.95,7.95,1561.0
2023,7,11,16,0,6.82,6.82,1561.0
2023,7,11,17,0,6.8,6.8,1561.0
2023,7,11,18,0,6.99,6.99,1561.0
2023,7,11,19,0,6.49,6.49,1561.0
2023,7,11,20,0,6.76,6.76,1561.0
2023,7,11,21,0,7.41,7.41,1561.0
2023,7,11,22,0,7.04,7.04,1561.0
2023,7,11,23,0,1.22,1.22,1561.0
2023,7,12,0,0,2.86,2.86,1561.0
2023,7,12,1,0,1.66,1.66,1561.0
2023,7,12,2,0,3.35,3.35,1561.0
2023,7,12,3,0,5.22,5.22,1561.0
2023,7,12,4,0,5.08,5.08,1561.0
2023,7,12,5,0,6.7700000000000005,6.7700000000000005,1561.0
2023,7,12,6,0,5.34,5.34,1561.0
2023,7,12,7,0,0.42,0.42,228.21755666443775
2023,7,12,8,0,3.13,3.13,1561.0
2023,7,12,9,0,2.31,2.31,1561.0
2023,7,12,10,0,2.33,2.33,1561.0
2023,7,12,11,0,2.5,2.5,1561.0
2023,7,12,12,0,2.98,2.98,1561.0
2023,7,12,13,0,6.23,6.23,1561.0
2023,7,12,14,0,8.19,8.19,1561.0
2023,7,12,15,0,11.82,11.82,1561.0
2023,7,12,16,0,10.78,10.78,1561.0
2023,7,12,17,0,9.64,9.64,1561.0
2023,7,12,18,0,9.16,9.16,1561.0
2023,7,12,19,0,8.14,8.14,1561.0
2023,7,12,20,0,8.84,8.84,1561.0
2023,7,12,21,0,10.32,10.32,1561.0
2023,7,12,22,0,9.48,9.48,1561.0
2023,7,12,23,0,10.11,10.11,1561.0
2023,7,13,0,0,9.51,9.51,1561.0
2023,7,13,1,0,6.5600000000000005,6.5600000000000005,1561.0
2023,7,13,2,0,7.4,7.4,1561.0
2023,7,13,3,0,5.71,5.71,1561.0
2023,7,13,4,0,5.98,5.98,1561.0
2023,7,13,5,0,4.67,4.67,1561.0
2023,7,13,6,0,2.83,2.83,1561.0
2023,7,13,7,0,2.75,2.75,1561.0
2023,7,13,8,0,2.25,2.25,1561.0
2023,7,13,9,0,2.75,2.75,1561.0
2023,7,13,10,0,2.14,2.14,1561.0
2023,7,13,11,0,1.97,1.97,1561.0
2023,7,13,12,0,1.96,1.96,1561.0
2023,7,13,13,0,1.6,1.6,1561.0
2023,7,13,14,0,0.25,0.25,48.13059230755103
2023,7,13,15,0,1.44,1.44,1561.0
2023,7,13,16,0,3.26,3.26,1561.0
2023,7,13,17,0,2.37,2.37,1561.0
2023,7,13,18,0,1.66,1.66,1561.0
2023,7,13,19,0,2.22,2.22,1561.0
2023,7,13,20,0,3.0700000000000003,3.0700000000000003,1561.0
2023,7,13,21,0,1.34,1.34,1561.0
2023,7,13,22,0,3.12,3.12,1561.0
2023,7,13,23,0,1.33,1.33,1561.0
2023,7,14,0,0,2.39,2.39,1561.0
2023,7,14,1,0,0.9,0.9,1561.0
2023,7,14,2,0,1.16,1.16,1561.0
2023,7,14,3,0,2.12,2.12,1561.0
2023,7,14,4,0,2.82,2.82,1561.0
2023,7,14,5,0,3.64,3.64,1561.0
2023,7,14,6,0,3.15,3.15,1561.0
2023,7,14,7,0,2.89,2.89,1561.0
2023,7,14,8,0,3.09,3.09,1561.0
2023,7,14,9,0,3.27,3.27,1561.0
2023,7,14,10,0,3.26,3.26,1561.0
2023,7,14,11,0,4.57,4.57,1561.0
2023,7,14,12,0,3.42,3.42,1561.0
2023,7,14,13,0,4.5,4.5,1561.0
2023,7,14,14,0,4.83,4.83,1561.0
2023,7,14,15,0,5.22,5.22,1561.0
2023,7,14,16,0,4.96,4.96,1561.0
2023,7,14,17,0,4.61,4.61,1561.0
2023,7,14,18,0,5.54,5.54,1561.0
2023,7,14,19,0,5.3500000000000005,5.3500000000000005,1561.0
2023,7,14,20,0,5.04,5.04,1561.0
2023,7,14,21,0,3.91,3.91,1561.0
2023,7,14,22,0,8.08,8.08,1561.0
2023,7,14,23,0,6.73,6.73,1561.0
2023,7,15,0,0,6.5600000000000005,6.5600000000000005,1561.0
2023,7,15,1,0,9.3,9.3,1561.0
2023,7,15,2,0,5.05,5.05,1561.0
2023,7,15,3,0,5.19,5.19,1561.0
2023,7,15,4,0,7.13,7.13,1561.0
2023,7,15,5,0,4.09,4.09,1561.0
2023,7,15,6,0,4.22,4.22,1561.0
2023,7,15,7,0,1.44,1.44,1561.0
2023,7,15,8,0,2.64,2.64,1561.0
2023,7,15,9,0,3.51,3.51,1561.0
2023,7,15,10,0,4.26,4.26,1561.0
2023,7,15,11,0,2.65,2.65,1561.0
2023,7,15,12,0,1.08,1.08,1561.0
2023,7,15,13,0,3.7,3.7,1561.0
2023,7,15,14,0,3.11,3.11,1561.0
2023,7,15,15,0,3.33,3.33,1561.0
2023,7,15,16,0,4.09,4.09,1561.0
2023,7,15,17,0,3.72,3.72,1561.0
2023,7,15,18,0,4.71,4.71,1561.0
2023,7,15,19,0,5.93,5.93,1561.0
2023,7,15,20,0,5.87,5.87,1561.0
2023,7,15,21,0,6.12,6.12,1561.0
2023,7,15,22,0,4.6000000000000005,4.6000000000000005,1561.0
2023,7,15,23,0,4.99,4.99,1561.0
2023,7,16,0,0,4.9,4.9,1561.0
2023,7,16,1,0,8.120000000000001,8.120000000000001,1561.0
2023,7,16,2,0,7.83,7.83,1561.0
2023,7,16,3,0,7.12,7.12,1561.0
2023,7,16,4,0,6.99,6.99,1561.0
2023,7,16,5,0,7.34,7.34,1561.0
2023,7,16,6,0,7.26,7.26,1561.0
2023,7,16,7,0,6.7700000000000005,6.7700000000000005,1561.0
2023,7,16,8,0,4.44,4.44,1561.0
2023,7,16,9,0,4.63,4.63,1561.0
2023,7,16,10,0,6.140000000000001,6.140000000000001,1561.0
2023,7,16,11,0,6.7,6.7,1561.0
2023,7,16,12,0,7.23,7.23,1561.0
2023,7,16,13,0,6.48,6.48,1561.0
2023,7,16,14,0,7.7,7.7,1561.0
2023,7,16,15,0,8.58,8.58,1561.0
2023,7,16,16,0,8.78,8.78,1561.0
2023,7,16,17,0,4.88,4.88,1561.0
2023,7,16,18,0,7.6,7.6,1561.0
2023,7,16,19,0,7.81,7.81,1561.0
2023,7,16,20,0,6.66,6.66,1561.0
2023,7,16,21,0,1.85,1.85,1561.0
2023,7,16,22,0,3.51,3.51,1561.0
2023,7,16,23,0,3.27,3.27,1561.0
2023,7,17,0,0,6.45,6.45,1561.0
2023,7,17,1,0,7.98,7.98,1561.0
2023,7,17,2,0,8.23,8.23,1561.0
2023,7,17,3,0,8.34,8.34,1561.0
2023,7,17,4,0,7.53,7.53,1561.0
2023,7,17,5,0,7.83,7.83,1561.0
2023,7,17,6,0,7.79,7.79,1561.0
2023,7,17,7,0,6.5600000000000005,6.5600000000000005,1561.0
2023,7,17,8,0,5.24,5.24,1561.0
2023,7,17,9,0,4.19,4.19,1561.0
2023,7,17,10,0,5.5,5.5,1561.0
2023,7,17,11,0,5.0600000000000005,5.0600000000000005,1561.0
2023,7,17,12,0,4.83,4.83,1561.0
2023,7,17,13,0,4.19,4.19,1561.0
2023,7,17,14,0,4.74,4.74,1561.0
2023,7,17,15,0,3.8,3.8,1561.0
2023,7,17,16,0,5.33,5.33,1561.0
2023,7,17,17,0,4.7,4.7,1561.0
2023,7,17,18,0,2.33,2.33,1561.0
2023,7,17,19,0,3.29,3.29,1561.0
2023,7,17,20,0,3.01,3.01,1561.0
2023,7,17,21,0,3.5,3.5,1561.0
2023,7,17,22,0,3.49,3.49,1561.0
2023,7,17,23,0,3.52,3.52,1561.0
2023,7,18,0,0,5.53,5.53,1561.0
2023,7,18,1,0,0.67,0.67,926.4576853885422
2023,7,18,2,0,2.73,2.73,1561.0
2023,7,18,3,0,2.22,2.22,1561.0
2023,7,18,4,0,3.66,3.66,1561.0
2023,7,18,5,0,4.33,4.33,1561.0
2023,7,18,6,0,4.0600000000000005,4.0600000000000005,1561.0
2023,7,18,7,0,4.57,4.57,1561.0
2023,7,18,8,0,2.36,2.36,1561.0
2023,7,18,9,0,2.36,2.36,1561.0
2023,7,18,10,0,1.66,1.66,1561.0
2023,7,18,11,0,1.54,1.54,1561.0
2023,7,18,12,0,2.17,2.17,1561.0
2023,7,18,13,0,2.75,2.75,1561.0
2023,7,18,14,0,2.98,2.98,1561.0
2023,7,18,15,0,4.03,4.03,1561.0
2023,7,18,16,0,3.48,3.48,1561.0
2023,7,18,17,0,2.85,2.85,1561.0
2023,7,18,18,0,2.63,2.63,1561.0
2023,7,18,19,0,2.72,2.72,1561.0
2023,7,18,20,0,3.29,3.29,1561.0
2023,7,18,21,0,3.33,3.33,1561.0
2023,7,18,22,0,7.49,7.49,1561.0
2023,7,18,23,0,7.79,7.79,1561.0
2023,7,19,0,0,7.42,7.42,1561.0
2023,7,19,1,0,7.38,7.38,1561.0
2023,7,19,2,0,6.18,6.18,1561.0
2023,7,19,3,0,6.7,6.7,1561.0
2023,7,19,4,0,5.75,5.75,1561.0
2023,7,19,5,0,6.04,6.04,1561.0
2023,7,19,6,0,4.58,4.58,1561.0
2023,7,19,7,0,1.92,1.92,1561.0
2023,7,19,8,0,2.15,2.15,1561.0
2023,7,19,9,0,2.79,2.79,1561.0
2023,7,19,10,0,1.66,1.66,1561.0
2023,7,19,11,0,0.98,0.98,1561.0
2023,7,19,12,0,2.42,2.42,1561.0
2023,7,19,13,0,1.6,1.6,1561.0
2023,7,19,14,0,2.6,2.6,1561.0
2023,7,19,15,0,1.89,1.89,1561.0
2023,7,19,16,0,2.81,2.81,1561.0
2023,7,19,17,0,2.58,2.58,1561.0
2023,7,19,18,0,3.49,3.49,1561.0
2023,7,19,19,0,2.36,2.36,1561.0
2023,7,19,20,0,1.72,1.72,1561.0
2023,7,19,21,0,0.6,0.6,665.3573080595853
2023,7,19,22,0,1.5,1.5,1561.0
2023,7,19,23,0,5.03,5.03,1561.0
2023,7,20,0,0,2.91,2.91,1561.0
2023,7,20,1,0,3.0,3.0,1561.0
2023,7,20,2,0,3.86,3.86,1561.0
2023,7,20,3,0,5.66,5.66,1561.0
2023,7,20,4,0,6.49,6.49,1561.0
2023,7,20,5,0,5.63,5.63,1561.0
2023,7,20,6,0,5.41,5.41,1561.0
2023,7,20,7,0,5.62,5.62,1561.0
2023,7,20,8,0,3.53,3.53,1561.0
2023,7,20,9,0,3.77,3.77,1561.0
2023,7,20,10,0,5.57,5.57,1561.0
2023,7,20,11,0,5.5200000000000005,5.5200000000000005,1561.0
2023,7,20,12,0,6.84,6.84,1561.0
2023,7,20,13,0,6.0,6.0,1561.0
2023,7,20,14,0,7.26,7.26,1561.0
2023,7,20,15,0,9.1,9.1,1561.0
2023,7,20,16,0,7.5,7.5,1561.0
2023,7,20,17,0,8.71,8.71,1561.0
2023,7,20,18,0,9.93,9.93,1561.0
2023,7,20,19,0,10.35,10.35,1561.0
2023,7,20,20,0,9.0,9.0,1561.0
2023,7,20,21,0,8.700000000000001,8.700000000000001,1561.0
2023,7,20,22,0,8.67,8.67,1561.0
2023,7,20,23,0,8.88,8.88,1561.0
2023,7,21,0,0,5.62,5.62,1561.0
2023,7,21,1,0,6.47,6.47,1561.0
2023,7,21,2,0,8.3,8.3,1561.0
2023,7,21,3,0,7.29,7.29,1561.0
2023,7,21,4,0,8.290000000000001,8.290000000000001,1561.0
2023,7,21,5,0,7.47,7.47,1561.0
2023,7,21,6,0,7.9,7.9,1561.0
2023,7,21,7,0,6.21,6.21,1561.0
2023,7,21,8,0,4.5200000000000005,4.5200000000000005,1561.0
2023,7,21,9,0,4.78,4.78,1561.0
2023,7,21,10,0,5.18,5.18,1561.0
2023,7,21,11,0,3.97,3.97,1561.0
2023,7,21,12,0,4.3,4.3,1561.0
2023,7,21,13,0,4.76,4.76,1561.0
2023,7,21,14,0,5.0200000000000005,5.0200000000000005,1561.0
2023,7,21,15,0,5.2700000000000005,5.2700000000000005,1561.0
2023,7,21,16,0,5.43,5.43,1561.0
2023,7,21,17,0,4.5,4.5,1561.0
2023,7,21,18,0,4.3,4.3,1561.0
2023,7,21,19,0,6.2,6.2,1561.0
2023,7,21,20,0,6.2700000000000005,6.2700000000000005,1561.0
2023,7,21,21,0,5.97,5.97,1561.0
2023,7,21,22,0,5.96,5.96,1561.0
2023,7,21,23,0,6.08,6.08,1561.0
2023,7,22,0,0,5.24,5.24,1561.0
2023,7,22,1,0,5.11,5.11,1561.0
2023,7,22,2,0,4.3100000000000005,4.3100000000000005,1561.0
2023,7,22,3,0,2.79,2.79,1561.0
2023,7,22,4,0,3.81,3.81,1561.0
2023,7,22,5,0,2.9,2.9,1561.0
2023,7,22,6,0,3.68,3.68,1561.0
2023,7,22,7,0,3.83,3.83,1561.0
2023,7,22,8,0,1.77,1.77,1561.0
2023,7,22,9,0,1.54,1.54,1561.0
2023,7,22,10,0,0.48,0.48,340.66294172650765
2023,7,22,11,0,0.39,0.39,182.72375072586365
2023,7,22,12,0,1.81,1.81,1561.0
2023,7,22,13,0,1.82,1.82,1561.0
2023,7,22,14,0,2.38,2.38,1561.0
2023,7,22,15,0,3.3000000000000003,3.3000000000000003,1561.0
2023,7,22,16,0,3.17,3.17,1561.0
2023,7,22,17,0,4.13,4.13,1561.0
2023,7,22,18,0,3.49,3.49,1561.0
2023,7,22,19,0,4.08,4.08,1561.0
2023,7,22,20,0,4.16,4.16,1561.0
2023,7,22,21,0,3.73,3.73,1561.0
2023,7,22,22,0,2.81,2.81,1561.0
2023,7,22,23,0,1.55,1.55,1561.0
2023,7,23,0,0,2.96,2.96,1561.0
2023,7,23,1,0,4.17,4.17,1561.0
2023,7,23,2,0,5.55,5.55,1561.0
2023,7,23,3,0,5.28,5.28,1561.0
2023,7,23,4,0,6.04,6.04,1561.0
2023,7,23,5,0,7.43,7.43,1561.0
2023,7,23,6,0,7.63,7.63,1561.0
2023,7,23,7,0,5.9,5.9,1561.0
2023,7,23,8,0,5.7700000000000005,5.7700000000000005,1561.0
2023,7,23,9,0,7.1000000000000005,7.1000000000000005,1561.0
2023,7,23,10,0,6.46,6.46,1561.0
2023,7,23,11,0,6.0,6.0,1561.0
2023,7,23,12,0,5.64,5.64,1561.0
2023,7,23,13,0,4.55,4.55,1561.0
2023,7,23,14,0,5.44,5.44,1561.0
2023,7,23,15,0,6.12,6.12,1561.0
2023,7,23,16,0,6.17,6.17,1561.0
2023,7,23,17,0,5.51,5.51,1561.0
2023,7,23,18,0,4.66,4.66,1561.0
2023,7,23,19,0,3.84,3.84,1561.0
2023,7,23,20,0,3.38,3.38,1561.0
2023,7,23,21,0,4.15,4.15,1561.0
2023,7,23,22,0,3.41,3.41,1561.0
2023,7,23,23,0,6.01,6.01,1561.0
2023,7,24,0,0,3.08,3.08,1561.0
2023,7,24,1,0,2.42,2.42,1561.0
2023,7,24,2,0,3.62,3.62,1561.0
2023,7,24,3,0,3.16,3.16,1561.0
2023,7,24,4,0,2.03,2.03,1561.0
2023,7,24,5,0,4.48,4.48,1561.0
2023,7,24,6,0,1.51,1.51,1561.0
2023,7,24,7,0,1.33,1.33,1561.0
2023,7,24,8,0,1.87,1.87,1561.0
2023,7,24,9,0,2.14,2.14,1561.0
2023,7,24,10,0,1.08,1.08,1561.0
2023,7,24,11,0,0.54,0.54,485.0454775754378
2023,7,24,12,0,0.43,0.43,244.9100161661734
2023,7,24,13,0,0.17,0.17,15.133798400447887
2023,7,24,14,0,1.97,1.97,1561.0
2023,7,24,15,0,4.67,4.67,1561.0
2023,7,24,16,0,3.41,3.41,1561.0
2023,7,24,17,0,4.78,4.78,1561.0
2023,7,24,18,0,4.21,4.21,1561.0
2023,7,24,19,0,4.92,4.92,1561.0
2023,7,24,20,0,4.69,4.69,1561.0
2023,7,24,21,0,1.67,1.67,1561.0
2023,7,24,22,0,1.74,1.74,1561.0
2023,7,24,23,0,2.0,2.0,1561.0
2023,7,25,0,0,2.24,2.24,1561.0
2023,7,25,1,0,1.88,1.88,1561.0
2023,7,25,2,0,0.53,0.53,458.59444422216154
2023,7,25,3,0,1.35,1.35,1561.0
2023,7,25,4,0,1.61,1.61,1561.0
2023,7,25,5,0,0.85,0.85,1561.0
2023,7,25,6,0,1.52,1.52,1561.0
2023,7,25,7,0,1.34,1.34,1561.0
2023,7,25,8,0,1.06,1.06,1561.0
2023,7,25,9,0,1.44,1.44,1561.0
2023,7,25,10,0,1.74,1.74,1561.0
2023,7,25,11,0,2.09,2.09,1561.0
2023,7,25,12,0,1.57,1.57,1561.0
2023,7,25,13,0,2.14,2.14,1561.0
2023,7,25,14,0,2.81,2.81,1561.0
2023,7,25,15,0,2.84,2.84,1561.0
2023,7,25,16,0,3.56,3.56,1561.0
2023,7,25,17,0,3.74,3.74,1561.0
2023,7,25,18,0,3.94,3.94,1561.0
2023,7,25,19,0,4.55,4.55,1561.0
2023,7,25,20,0,4.3500000000000005,4.3500000000000005,1561.0
2023,7,25,21,0,7.23,7.23,1561.0
2023,7,25,22,0,6.05,6.05,1561.0
2023,7,25,23,0,7.86,7.86,1561.0
2023,7,26,0,0,9.16,9.16,1561.0
2023,7,26,1,0,8.43,8.43,1561.0
2023,7,26,2,0,11.09,11.09,1561.0
2023,7,26,3,0,10.08,10.08,1561.0
2023,7,26,4,0,8.950000000000001,8.950000000000001,1561.0
2023,7,26,5,0,9.69,9.69,1561.0
2023,7,26,6,0,9.4,9.4,1561.0
2023,7,26,7,0,8.82,8.82,1561.0
2023,7,26,8,0,8.06,8.06,1561.0
2023,7,26,9,0,8.540000000000001,8.540000000000001,1561.0
2023,7,26,10,0,10.18,10.18,1561.0
2023,7,26,11,0,10.43,10.43,1561.0
2023,7,26,12,0,12.11,12.11,1561.0
2023,7,26,13,0,14.2,14.2,1561.0
2023,7,26,14,0,12.76,12.76,1561.0
2023,7,26,15,0,13.03,13.03,1561.0
2023,7,26,16,0,11.8,11.8,1561.0
2023,7,26,17,0,11.73,11.73,1561.0
2023,7,26,18,0,12.3,12.3,1561.0
2023,7,26,19,0,9.98,9.98,1561.0
2023,7,26,20,0,10.72,10.72,1561.0
2023,7,26,21,0,10.49,10.49,1561.0
2023,7,26,22,0,10.04,10.04,1561.0
2023,7,26,23,0,10.82,10.82,1561.0
2023,7,27,0,0,8.56,8.56,1561.0
2023,7,27,1,0,9.88,9.88,1561.0
2023,7,27,2,0,7.24,7.24,1561.0
2023,7,27,3,0,3.64,3.64,1561.0
2023,7,27,4,0,4.6000000000000005,4.6000000000000005,1561.0
2023,7,27,5,0,3.99,3.99,1561.0
2023,7,27,6,0,3.15,3.15,1561.0
2023,7,27,7,0,3.46,3.46,1561.0
2023,7,27,8,0,1.87,1.87,1561.0
2023,7,27,9,0,2.08,2.08,1561.0
2023,7,27,10,0,1.51,1.51,1561.0
2023,7,27,11,0,2.32,2.32,1561.0
2023,7,27,12,0,1.39,1.39,1561.0
2023,7,27,13,0,2.09,2.09,1561.0
2023,7,27,14,0,3.5,3.5,1561.0
2023,7,27,15,0,1.74,1.74,1561.0
2023,7,27,16,0,1.29,1.29,1561.0
2023,7,27,17,0,1.33,1.33,1561.0
2023,7,27,18,0,1.53,1.53,1561.0
2023,7,27,19,0,1.57,1.57,1561.0
2023,7,27,20,0,3.22,3.22,1561.0
2023,7,27,21,0,4.01,4.01,1561.0
2023,7,27,22,0,5.09,5.09,1561.0
2023,7,27,23,0,1.22,1.22,1561.0
2023,7,28,0,0,6.12,6.12,1561.0
2023,7,28,1,0,6.99,6.99,1561.0
2023,7,28,2,0,6.3500000000000005,6.3500000000000005,1561.0
2023,7,28,3,0,5.93,5.93,1561.0
2023,7,28,4,0,7.47,7.47,1561.0
2023,7,28,5,0,6.5600000000000005,6.5600000000000005,1561.0
2023,7,28,6,0,6.44,6.44,1561.0
2023,7,28,7,0,14.26,14.26,1561.0
2023,7,28,8,0,3.58,3.58,1561.0
2023,7,28,9,0,9.47,9.47,1561.0
2023,7,28,10,0,7.67,7.67,1561.0
2023,7,28,11,0,6.57,6.57,1561.0
2023,7,28,12,0,6.16,6.16,1561.0
2023,7,28,13,0,6.42,6.42,1561.0
2023,7,28,14,0,6.96,6.96,1561.0
2023,7,28,15,0,7.42,7.42,1561.0
2023,7,28,16,0,7.61,7.61,1561.0
2023,7,28,17,0,6.37,6.37,1561.0
2023,7,28,18,0,5.92,5.92,1561.0
2023,7,28,19,0,6.21,6.21,1561.0
2023,7,28,20,0,6.28,6.28,1561.0
2023,7,28,21,0,5.82,5.82,1561.0
2023,7,28,22,0,8.03,8.03,1561.0
2023,7,28,23,0,9.99,9.99,1561.0
2023,7,29,0,0,11.43,11.43,1561.0
2023,7,29,1,0,10.96,10.96,1561.0
2023,7,29,2,0,10.84,10.84,1561.0
2023,7,29,3,0,13.8,13.8,1561.0
2023,7,29,4,0,5.78,5.78,1561.0
2023,7,29,5,0,4.0200000000000005,4.0200000000000005,1561.0
2023,7,29,6,0,3.0500000000000003,3.0500000000000003,1561.0
2023,7,29,7,0,6.47,6.47,1561.0
2023,7,29,8,0,7.22,7.22,1561.0
2023,7,29,9,0,5.43,5.43,1561.0
2023,7,29,10,0,3.31,3.31,1561.0
2023,7,29,11,0,5.78,5.78,1561.0
2023,7,29,12,0,3.29,3.29,1561.0
2023,7,29,13,0,4.42,4.42,1561.0
2023,7,29,14,0,3.8,3.8,1561.0
2023,7,29,15,0,4.03,4.03,1561.0
2023,7,29,16,0,4.22,4.22,1561.0
2023,7,29,17,0,5.28,5.28,1561.0
2023,7,29,18,0,4.33,4.33,1561.0
2023,7,29,19,0,5.5200000000000005,5.5200000000000005,1561.0
2023,7,29,20,0,3.39,3.39,1561.0
2023,7,29,21,0,7.03,7.03,1561.0
2023,7,29,22,0,7.01,7.01,1561.0
2023,7,29,23,0,6.15,6.15,1561.0
2023,7,30,0,0,5.5,5.5,1561.0
2023,7,30,1,0,4.36,4.36,1561.0
2023,7,30,2,0,3.31,3.31,1561.0
2023,7,30,3,0,2.95,2.95,1561.0
2023,7,30,4,0,2.82,2.82,1561.0
2023,7,30,5,0,5.58,5.58,1561.0
2023,7,30,6,0,3.35,3.35,1561.0
2023,7,30,7,0,4.3,4.3,1561.0
2023,7,30,8,0,3.18,3.18,1561.0
2023,7,30,9,0,1.99,1.99,1561.0
2023,7,30,10,0,1.84,1.84,1561.0
2023,7,30,11,0,1.45,1.45,1561.0
2023,7,30,12,0,3.3000000000000003,3.3000000000000003,1561.0
2023,7,30,13,0,4.84,4.84,1561.0
2023,7,30,14,0,4.09,4.09,1561.0
2023,7,30,15,0,7.31,7.31,1561.0
2023,7,30,16,0,6.67,6.67,1561.0
2023,7,30,17,0,6.73,6.73,1561.0
2023,7,30,18,0,6.97,6.97,1561.0
2023,7,30,19,0,7.53,7.53,1561.0
2023,7,30,20,0,8.99,8.99,1561.0
2023,7,30,21,0,8.75,8.75,1561.0
2023,7,30,22,0,8.08,8.08,1561.0
2023,7,30,23,0,8.540000000000001,8.540000000000001,1561.0
2023,7,31,0,0,7.31,7.31,1561.0
2023,7,31,1,0,8.21,8.21,1561.0
2023,7,31,2,0,3.64,3.64,1561.0
2023,7,31,3,0,5.0,5.0,1561.0
2023,7,31,4,0,4.75,4.75,1561.0
2023,7,31,5,0,3.36,3.36,1561.0
2023,7,31,6,0,3.87,3.87,1561.0
2023,7,31,7,0,3.81,3.81,1561.0
2023,7,31,8,0,3.59,3.59,1561.0
2023,7,31,9,0,2.15,2.15,1561.0
2023,7,31,10,0,2.67,2.67,1561.0
2023,7,31,11,0,4.04,4.04,1561.0
2023,7,31,12,0,4.2,4.2,1561.0
2023,7,31,13,0,4.96,4.96,1561.0
2023,7,31,14,0,3.65,3.65,1561.0
2023,7,31,15,0,4.48,4.48,1561.0
2023,7,31,16,0,3.49,3.49,1561.0
2023,7,31,17,0,3.36,3.36,1561.0
2023,7,31,18,0,3.03,3.03,1561.0
2023,7,31,19,0,2.28,2.28,1561.0
2023,7,31,20,0,2.5500000000000003,2.5500000000000003,1561.0
2023,7,31,21,0,1.66,1.66,1561.0
2023,7,31,22,0,0.8300000000000001,0.8300000000000001,1561.0
2023,7,31,23,0,0.52,0.52,433.12296468352866
2023,8,1,0,0,1.26,1.26,1561.0
2023,8,1,1,0,2.13,2.13,1561.0
2023,8,1,2,0,1.78,1.78,1561.0
2023,8,1,3,0,1.5,1.5,1561.0
2023,8,1,4,0,1.92,1.92,1561.0
2023,8,1,5,0,2.06,2.06,1561.0
2023,8,1,6,0,2.62,2.62,1561.0
2023,8,1,7,0,3.02,3.02,1561.0
2023,8,1,8,0,2.6,2.6,1561.0
2023,8,1,9,0,1.75,1.75,1561.0
2023,8,1,10,0,1.39,1.39,1561.0
2023,8,1,11,0,1.55,1.55,1561.0
2023,8,1,12,0,0.72,0.72,1149.7374283269635
2023,8,1,13,0,1.22,1.22,1561.0
2023,8,1,14,0,0.65,0.65,845.9432903975169
2023,8,1,15,0,1.77,1.77,1561.0
2023,8,1,16,0,2.02,2.02,1561.0
2023,8,1,17,0,1.29,1.29,1561.0
2023,8,1,18,0,1.18,1.18,1561.0
2023,8,1,19,0,3.09,3.09,1561.0
2023,8,1,20,0,3.75,3.75,1561.0
2023,8,1,21,0,3.63,3.63,1561.0
2023,8,1,22,0,5.63,5.63,1561.0
2023,8,1,23,0,5.64,5.64,1561.0
2023,8,2,0,0,6.08,6.08,1561.0
2023,8,2,1,0,7.07,7.07,1561.0
2023,8,2,2,0,7.17,7.17,1561.0
2023,8,2,3,0,6.16,6.16,1561.0
2023,8,2,4,0,6.68,6.68,1561.0
2023,8,2,5,0,7.76,7.76,1561.0
2023,8,2,6,0,6.94,6.94,1561.0
2023,8,2,7,0,6.87,6.87,1561.0
2023,8,2,8,0,5.15,5.15,1561.0
2023,8,2,9,0,2.91,2.91,1561.0
2023,8,2,10,0,4.29,4.29,1561.0
2023,8,2,11,0,4.38,4.38,1561.0
2023,8,2,12,0,3.98,3.98,1561.0
2023,8,2,13,0,3.79,3.79,1561.0
2023,8,2,14,0,3.52,3.52,1561.0
2023,8,2,15,0,3.1,3.1,1561.0
2023,8,2,16,0,3.5700000000000003,3.5700000000000003,1561.0
2023,8,2,17,0,3.36,3.36,1561.0
2023,8,2,18,0,3.45,3.45,1561.0
2023,8,2,19,0,3.35,3.35,1561.0
2023,8,2,20,0,2.89,2.89,1561.0
2023,8,2,21,0,3.35,3.35,1561.0
2023,8,2,22,0,5.43,5.43,1561.0
2023,8,2,23,0,3.5,3.5,1561.0
2023,8,3,0,0,1.73,1.73,1561.0
2023,8,3,1,0,1.7,1.7,1561.0
2023,8,3,2,0,1.94,1.94,1561.0
2023,8,3,3,0,2.96,2.96,1561.0
2023,8,3,4,0,3.14,3.14,1561.0
2023,8,3,5,0,3.24,3.24,1561.0
2023,8,3,6,0,2.58,2.58,1561.0
2023,8,3,7,0,3.45,3.45,1561.0
2023,8,3,8,0,2.7,2.7,1561.0
2023,8,3,9,0,1.06,1.06,1561.0
2023,8,3,10,0,1.2,1.2,1561.0
2023,8,3,11,0,0.55,0.55,512.4945468908035
2023,8,3,12,0,1.21,1.21,1561.0
2023,8,3,13,0,0.52,0.52,433.12296468352866
2023,8,3,14,0,0.45,0.45,280.6976143376376
2023,8,3,15,0,0.39,0.39,182.72375072586365
2023,8,3,16,0,0.67,0.67,926.4576853885422
2023,8,3,17,0,0.86,0.86,1561.0
2023,8,3,18,0,1.57,1.57,1561.0
2023,8,3,19,0,2.57,2.57,1561.0
2023,8,3,20,0,1.7,1.7,1561.0
2023,8,3,21,0,3.96,3.96,1561.0
2023,8,3,22,0,2.65,2.65,1561.0
2023,8,3,23,0,0.81,0.81,1561.0
2023,8,4,0,0,2.45,2.45,1561.0
2023,8,4,1,0,2.17,2.17,1561.0
2023,8,4,2,0,0.99,0.99,1561.0
2023,8,4,3,0,1.56,1.56,1561.0
2023,8,4,4,0,2.76,2.76,1561.0
2023,8,4,5,0,3.01,3.01,1561.0
2023,8,4,6,0,3.31,3.31,1561.0
2023,8,4,7,0,0.13,0.13,6.767546323180135
2023,8,4,8,0,2.15,2.15,1561.0
2023,8,4,9,0,1.44,1.44,1561.0
2023,8,4,10,0,0.97,0.97,1561.0
2023,8,4,11,0,0.59,0.59,632.6408267220813
2023,8,4,12,0,0.59,0.59,632.6408267220813
2023,8,4,13,0,0.9,0.9,1561.0
2023,8,4,14,0,0.55,0.55,512.4945468908035
2023,8,4,15,0,0.78,0.78,1461.7900058069092
2023,8,4,16,0,0.5,0.5,385.0447384604082
2023,8,4,17,0,0.4,0.4,197.14290609172906
2023,8,4,18,0,1.78,1.78,1561.0
2023,8,4,19,0,1.52,1.52,1561.0
2023,8,4,20,0,3.78,3.78,1561.0
2023,8,4,21,0,4.73,4.73,1561.0
2023,8,4,22,0,5.24,5.24,1561.0
2023,8,4,23,0,6.640000000000001,6.640000000000001,1561.0
2023,8,5,0,0,6.53,6.53,1561.0
2023,8,5,1,0,7.07,7.07,1561.0
2023,8,5,2,0,5.8100000000000005,5.8100000000000005,1561.0
2023,8,5,3,0,5.43,5.43,1561.0
2023,8,5,4,0,6.67,6.67,1561.0
2023,8,5,5,0,7.390000000000001,7.390000000000001,1561.0
2023,8,5,6,0,7.7,7.7,1561.0
2023,8,5,7,0,7.52,7.52,1561.0
2023,8,5,8,0,6.4,6.4,1561.0
2023,8,5,9,0,6.5600000000000005,6.5600000000000005,1561.0
2023,8,5,10,0,7.52,7.52,1561.0
2023,8,5,11,0,8.2,8.2,1561.0
2023,8,5,12,0,7.72,7.72,1561.0
2023,8,5,13,0,9.08,9.08,1561.0
2023,8,5,14,0,10.09,10.09,1561.0
2023,8,5,15,0,7.75,7.75,1561.0
2023,8,5,16,0,10.03,10.03,1561.0
2023,8,5,17,0,5.39,5.39,1561.0
2023,8,5,18,0,9.43,9.43,1561.0
2023,8,5,19,0,3.15,3.15,1561.0
2023,8,5,20,0,6.49,6.49,1561.0
2023,8,5,21,0,11.06,11.06,1561.0
2023,8,5,22,0,9.55,9.55,1561.0
2023,8,5,23,0,8.25,8.25,1561.0
2023,8,6,0,0,4.09,4.09,1561.0
2023,8,6,1,0,5.3100000000000005,5.3100000000000005,1561.0
2023,8,6,2,0,6.79,6.79,1561.0
2023,8,6,3,0,7.31,7.31,1561.0
2023,8,6,4,0,7.71,7.71,1561.0
2023,8,6,5,0,7.12,7.12,1561.0
2023,8,6,6,0,5.82,5.82,1561.0
2023,8,6,7,0,5.46,5.46,1561.0
2023,8,6,8,0,5.14,5.14,1561.0
2023,8,6,9,0,6.0600000000000005,6.0600000000000005,1561.0
2023,8,6,10,0,5.59,5.59,1561.0
2023,8,6,11,0,6.96,6.96,1561.0
2023,8,6,12,0,8.26,8.26,1561.0
2023,8,6,13,0,6.61,6.61,1561.0
2023,8,6,14,0,6.11,6.11,1561.0
2023,8,6,15,0,6.41,6.41,1561.0
2023,8,6,16,0,7.68,7.68,1561.0
2023,8,6,17,0,5.45,5.45,1561.0
2023,8,6,18,0,3.33,3.33,1561.0
2023,8,6,19,0,2.29,2.29,1561.0
2023,8,6,20,0,2.58,2.58,1561.0
2023,8,6,21,0,4.1,4.1,1561.0
2023,8,6,22,0,4.49,4.49,1561.0
2023,8,6,23,0,3.13,3.13,1561.0
2023,8,7,0,0,4.57,4.57,1561.0
2023,8,7,1,0,4.16,4.16,1561.0
2023,8,7,2,0,3.73,3.73,1561.0
2023,8,7,3,0,2.02,2.02,1561.0
2023,8,7,4,0,4.11,4.11,1561.0
2023,8,7,5,0,3.11,3.11,1561.0
2023,8,7,6,0,3.58,3.58,1561.0
2023,8,7,7,0,5.7700000000000005,5.7700000000000005,1561.0
2023,8,7,8,0,5.5,5.5,1561.0
2023,8,7,9,0,6.48,6.48,1561.0
2023,8,7,10,0,6.34,6.34,1561.0
2023,8,7,11,0,5.1000000000000005,5.1000000000000005,1561.0
2023,8,7,12,0,5.83,5.83,1561.0
2023,8,7,13,0,6.32,6.32,1561.0
2023,8,7,14,0,6.59,6.59,1561.0
2023,8,7,15,0,5.71,5.71,1561.0
2023,8,7,16,0,7.49,7.49,1561.0
2023,8,7,17,0,7.91,7.91,1561.0
2023,8,7,18,0,7.0600000000000005,7.0600000000000005,1561.0
2023,8,7,19,0,5.5600000000000005,5.5600000000000005,1561.0
2023,8,7,20,0,5.39,5.39,1561.0
2023,8,7,21,0,5.99,5.99,1561.0
2023,8,7,22,0,4.07,4.07,1561.0
2023,8,7,23,0,2.74,2.74,1561.0
2023,8,8,0,0,2.1,2.1,1561.0
2023,8,8,1,0,1.6,1.6,1561.0
2023,8,8,2,0,4.09,4.09,1561.0
2023,8,8,3,0,6.91,6.91,1561.0
2023,8,8,4,0,7.43,7.43,1561.0
2023,8,8,5,0,6.59,6.59,1561.0
2023,8,8,6,0,6.63,6.63,1561.0
2023,8,8,7,0,3.95,3.95,1561.0
2023,8,8,8,0,2.3000000000000003,2.3000000000000003,1561.0
2023,8,8,9,0,2.45,2.45,1561.0
2023,8,8,10,0,4.91,4.91,1561.0
2023,8,8,11,0,2.98,2.98,1561.0
2023,8,8,12,0,3.53,3.53,1561.0
2023,8,8,13,0,3.18,3.18,1561.0
2023,8,8,14,0,3.54,3.54,1561.0
2023,8,8,15,0,2.0,2.0,1561.0
2023,8,8,16,0,3.5700000000000003,3.5700000000000003,1561.0
2023,8,8,17,0,4.01,4.01,1561.0
2023,8,8,18,0,5.19,5.19,1561.0
2023,8,8,19,0,3.94,3.94,1561.0
2023,8,8,20,0,2.91,2.91,1561.0
2023,8,8,21,0,4.84,4.84,1561.0
2023,8,8,22,0,5.17,5.17,1561.0
2023,8,8,23,0,7.140000000000001,7.140000000000001,1561.0
2023,8,9,0,0,6.78,6.78,1561.0
2023,8,9,1,0,5.54,5.54,1561.0
2023,8,9,2,0,7.52,7.52,1561.0
2023,8,9,3,0,7.62,7.62,1561.0
2023,8,9,4,0,6.72,6.72,1561.0
2023,8,9,5,0,5.15,5.15,1561.0
2023,8,9,6,0,4.18,4.18,1561.0
2023,8,9,7,0,3.83,3.83,1561.0
2023,8,9,8,0,2.68,2.68,1561.0
2023,8,9,9,0,1.65,1.65,1561.0
2023,8,9,10,0,5.05,5.05,1561.0
2023,8,9,11,0,3.36,3.36,1561.0
2023,8,9,12,0,3.52,3.52,1561.0
2023,8,9,13,0,3.79,3.79,1561.0
2023,8,9,14,0,4.1,4.1,1561.0
2023,8,9,15,0,3.69,3.69,1561.0
2023,8,9,16,0,4.66,4.66,1561.0
2023,8,9,17,0,8.34,8.34,1561.0
2023,8,9,18,0,4.3,4.3,1561.0
2023,8,9,19,0,0.43,0.43,244.9100161661734
2023,8,9,20,0,2.22,2.22,1561.0
2023,8,9,21,0,1.72,1.72,1561.0
2023,8,9,22,0,1.25,1.25,1561.0
2023,8,9,23,0,0.81,0.81,1561.0
2023,8,10,0,0,2.15,2.15,1561.0
2023,8,10,1,0,3.67,3.67,1561.0
2023,8,10,2,0,2.64,2.64,1561.0
2023,8,10,3,0,3.82,3.82,1561.0
2023,8,10,4,0,4.9,4.9,1561.0
2023,8,10,5,0,1.42,1.42,1561.0
2023,8,10,6,0,2.26,2.26,1561.0
2023,8,10,7,0,2.56,2.56,1561.0
2023,8,10,8,0,3.28,3.28,1561.0
2023,8,10,9,0,3.98,3.98,1561.0
2023,8,10,10,0,3.53,3.53,1561.0
2023,8,10,11,0,4.13,4.13,1561.0
2023,8,10,12,0,3.76,3.76,1561.0
2023,8,10,13,0,4.42,4.42,1561.0
2023,8,10,14,0,4.88,4.88,1561.0
2023,8,10,15,0,5.8,5.8,1561.0
2023,8,10,16,0,5.75,5.75,1561.0
2023,8,10,17,0,5.12,5.12,1561.0
2023,8,10,18,0,5.01,5.01,1561.0
2023,8,10,19,0,5.26,5.26,1561.0
2023,8,10,20,0,5.51,5.51,1561.0
2023,8,10,21,0,6.4,6.4,1561.0
2023,8,10,22,0,5.96,5.96,1561.0
2023,8,10,23,0,7.45,7.45,1561.0
2023,8,11,0,0,7.12,7.12,1561.0
2023,8,11,1,0,5.36,5.36,1561.0
2023,8,11,2,0,6.890000000000001,6.890000000000001,1561.0
2023,8,11,3,0,5.88,5.88,1561.0
2023,8,11,4,0,5.65,5.65,1561.0
2023,8,11,5,0,7.92,7.92,1561.0
2023,8,11,6,0,6.62,6.62,1561.0
2023,8,11,7,0,4.9,4.9,1561.0
2023,8,11,8,0,4.74,4.74,1561.0
2023,8,11,9,0,3.72,3.72,1561.0
2023,8,11,10,0,4.5,4.5,1561.0
2023,8,11,11,0,4.8100000000000005,4.8100000000000005,1561.0
2023,8,11,12,0,5.41,5.41,1561.0
2023,8,11,13,0,8.81,8.81,1561.0
2023,8,11,14,0,9.84,9.84,1561.0
2023,8,11,15,0,8.59,8.59,1561.0
2023,8,11,16,0,8.22,8.22,1561.0
2023,8,11,17,0,8.120000000000001,8.120000000000001,1561.0
2023,8,11,18,0,7.77,7.77,1561.0
2023,8,11,19,0,7.03,7.03,1561.0
2023,8,11,20,0,8.65,8.65,1561.0
2023,8,11,21,0,8.790000000000001,8.790000000000001,1561.0
2023,8,11,22,0,8.06,8.06,1561.0
2023,8,11,23,0,6.76,6.76,1561.0
2023,8,12,0,0,8.620000000000001,8.620000000000001,1561.0
2023,8,12,1,0,7.38,7.38,1561.0
2023,8,12,2,0,7.07,7.07,1561.0
2023,8,12,3,0,7.6,7.6,1561.0
2023,8,12,4,0,5.2700000000000005,5.2700000000000005,1561.0
2023,8,12,5,0,7.19,7.19,1561.0
2023,8,12,6,0,6.46,6.46,1561.0
2023,8,12,7,0,4.39,4.39,1561.0
2023,8,12,8,0,5.11,5.11,1561.0
2023,8,12,9,0,4.66,4.66,1561.0
2023,8,12,10,0,6.0600000000000005,6.0600000000000005,1561.0
2023,8,12,11,0,8.21,8.21,1561.0
2023,8,12,12,0,7.47,7.47,1561.0
2023,8,12,13,0,7.71,7.71,1561.0
2023,8,12,14,0,8.07,8.07,1561.0
2023,8,12,15,0,8.47,8.47,1561.0
2023,8,12,16,0,6.25,6.25,1561.0
2023,8,12,17,0,6.7,6.7,1561.0
2023,8,12,18,0,5.13,5.13,1561.0
2023,8,12,19,0,5.38,5.38,1561.0
2023,8,12,20,0,8.120000000000001,8.120000000000001,1561.0
2023,8,12,21,0,5.14,5.14,1561.0
2023,8,12,22,0,6.21,6.21,1561.0
2023,8,12,23,0,5.19,5.19,1561.0
2023,8,13,0,0,4.8500000000000005,4.8500000000000005,1561.0
2023,8,13,1,0,5.08,5.08,1561.0
2023,8,13,2,0,5.13,5.13,1561.0
2023,8,13,3,0,6.95,6.95,1561.0
2023,8,13,4,0,7.03,7.03,1561.0
2023,8,13,5,0,7.18,7.18,1561.0
2023,8,13,6,0,8.28,8.28,1561.0
2023,8,13,7,0,5.53,5.53,1561.0
2023,8,13,8,0,4.8500000000000005,4.8500000000000005,1561.0
2023,8,13,9,0,3.97,3.97,1561.0
2023,8,13,10,0,4.22,4.22,1561.0
2023,8,13,11,0,4.29,4.29,1561.0
2023,8,13,12,0,2.88,2.88,1561.0
2023,8,13,13,0,2.93,2.93,1561.0
2023,8,13,14,0,3.0,3.0,1561.0
2023,8,13,15,0,2.5500000000000003,2.5500000000000003,1561.0
2023,8,13,16,0,1.84,1.84,1561.0
2023,8,13,17,0,5.91,5.91,1561.0
2023,8,13,18,0,1.34,1.34,1561.0
2023,8,13,19,0,5.3100000000000005,5.3100000000000005,1561.0
2023,8,13,20,0,3.87,3.87,1561.0
2023,8,13,21,0,3.38,3.38,1561.0
2023,8,13,22,0,3.63,3.63,1561.0
2023,8,13,23,0,5.9,5.9,1561.0
2023,8,14,0,0,5.36,5.36,1561.0
2023,8,14,1,0,6.88,6.88,1561.0
2023,8,14,2,0,6.6000000000000005,6.6000000000000005,1561.0
2023,8,14,3,0,5.8,5.8,1561.0
2023,8,14,4,0,6.99,6.99,1561.0
2023,8,14,5,0,5.26,5.26,1561.0
2023,8,14,6,0,6.5200000000000005,6.5200000000000005,1561.0
2023,8,14,7,0,3.46,3.46,1561.0
2023,8,14,8,0,4.19,4.19,1561.0
2023,8,14,9,0,2.17,2.17,1561.0
2023,8,14,10,0,3.47,3.47,1561.0
2023,8,14,11,0,4.59,4.59,1561.0
2023,8,14,12,0,6.24,6.24,1561.0
2023,8,14,13,0,7.07,7.07,1561.0
2023,8,14,14,0,6.25,6.25,1561.0
2023,8,14,15,0,5.2,5.2,1561.0
2023,8,14,16,0,3.0700000000000003,3.0700000000000003,1561.0
2023,8,14,17,0,2.77,2.77,1561.0
2023,8,14,18,0,4.23,4.23,1561.0
2023,8,14,19,0,8.13,8.13,1561.0
2023,8,14,20,0,4.88,4.88,1561.0
2023,8,14,21,0,7.52,7.52,1561.0
2023,8,14,22,0,6.03,6.03,1561.0
2023,8,14,23,0,8.9,8.9,1561.0
2023,8,15,0,0,6.9,6.9,1561.0
2023,8,15,1,0,7.37,7.37,1561.0
2023,8,15,2,0,8.97,8.97,1561.0
2023,8,15,3,0,6.75,6.75,1561.0
2023,8,15,4,0,8.25,8.25,1561.0
2023,8,15,5,0,7.930000000000001,7.930000000000001,1561.0
2023,8,15,6,0,7.99,7.99,1561.0
2023,8,15,7,0,7.46,7.46,1561.0
2023,8,15,8,0,8.55,8.55,1561.0
2023,8,15,9,0,9.37,9.37,1561.0
2023,8,15,10,0,8.53,8.53,1561.0
2023,8,15,11,0,9.9,9.9,1561.0
2023,8,15,12,0,9.56,9.56,1561.0
2023,8,15,13,0,9.51,9.51,1561.0
2023,8,15,14,0,9.52,9.52,1561.0
2023,8,15,15,0,9.02,9.02,1561.0
2023,8,15,16,0,8.73,8.73,1561.0
2023,8,15,17,0,8.43,8.43,1561.0
2023,8,15,18,0,8.1,8.1,1561.0
2023,8,15,19,0,7.67,7.67,1561.0
2023,8,15,20,0,6.3500000000000005,6.3500000000000005,1561.0
2023,8,15,21,0,7.52,7.52,1561.0
2023,8,15,22,0,7.26,7.26,1561.0
2023,8,15,23,0,6.71,6.71,1561.0
2023,8,16,0,0,4.61,4.61,1561.0
2023,8,16,1,0,6.390000000000001,6.390000000000001,1561.0
2023,8,16,2,0,5.19,5.19,1561.0
2023,8,16,3,0,3.99,3.99,1561.0
2023,8,16,4,0,3.09,3.09,1561.0
2023,8,16,5,0,6.93,6.93,1561.0
2023,8,16,6,0,7.52,7.52,1561.0
2023,8,16,7,0,4.63,4.63,1561.0
2023,8,16,8,0,4.94,4.94,1561.0
2023,8,16,9,0,0.68,0.68,968.5630976286648
2023,8,16,10,0,2.25,2.25,1561.0
2023,8,16,11,0,2.08,2.08,1561.0
2023,8,16,12,0,2.99,2.99,1561.0
2023,8,16,13,0,3.08,3.08,1561.0
2023,8,16,14,0,2.02,2.02,1561.0
2023,8,16,15,0,2.28,2.28,1561.0
2023,8,16,16,0,2.29,2.29,1561.0
2023,8,16,17,0,2.31,2.31,1561.0
2023,8,16,18,0,2.83,2.83,1561.0
2023,8,16,19,0,4.16,4.16,1561.0
2023,8,16,20,0,4.32,4.32,1561.0
2023,8,16,21,0,4.93,4.93,1561.0
2023,8,16,22,0,6.49,6.49,1561.0
2023,8,16,23,0,8.07,8.07,1561.0
2023,8,17,0,0,8.85,8.85,1561.0
2023,8,17,1,0,9.26,9.26,1561.0
2023,8,17,2,0,9.56,9.56,1561.0
2023,8,17,3,0,9.73,9.73,1561.0
2023,8,17,4,0,9.75,9.75,1561.0
2023,8,17,5,0,10.1,10.1,1561.0
2023,8,17,6,0,10.65,10.65,1561.0
2023,8,17,7,0,11.89,11.89,1561.0
2023,8,17,8,0,10.96,10.96,1561.0
2023,8,17,9,0,10.98,10.98,1561.0
2023,8,17,10,0,11.3,11.3,1561.0
2023,8,17,11,0,10.84,10.84,1561.0
2023,8,17,12,0,11.16,11.16,1561.0
2023,8,17,13,0,9.99,9.99,1561.0
2023,8,17,14,0,7.07,7.07,1561.0
2023,8,17,15,0,7.21,7.21,1561.0
2023,8,17,16,0,6.36,6.36,1561.0
2023,8,17,17,0,10.06,10.06,1561.0
2023,8,17,18,0,9.09,9.09,1561.0
2023,8,17,19,0,7.92,7.92,1561.0
2023,8,17,20,0,9.99,9.99,1561.0
2023,8,17,21,0,7.4,7.4,1561.0
2023,8,17,22,0,8.0,8.0,1561.0
2023,8,17,23,0,7.96,7.96,1561.0
2023,8,18,0,0,6.5200000000000005,6.5200000000000005,1561.0
2023,8,18,1,0,5.8100000000000005,5.8100000000000005,1561.0
2023,8,18,2,0,5.25,5.25,1561.0
2023,8,18,3,0,6.01,6.01,1561.0
2023,8,18,4,0,6.71,6.71,1561.0
2023,8,18,5,0,5.82,5.82,1561.0
2023,8,18,6,0,3.11,3.11,1561.0
2023,8,18,7,0,3.54,3.54,1561.0
2023,8,18,8,0,3.69,3.69,1561.0
2023,8,18,9,0,2.26,2.26,1561.0
2023,8,18,10,0,2.99,2.99,1561.0
2023,8,18,11,0,2.82,2.82,1561.0
2023,8,18,12,0,2.67,2.67,1561.0
2023,8,18,13,0,3.76,3.76,1561.0
2023,8,18,14,0,4.18,4.18,1561.0
2023,8,18,15,0,4.49,4.49,1561.0
2023,8,18,16,0,2.81,2.81,1561.0
2023,8,18,17,0,2.29,2.29,1561.0
2023,8,18,18,0,1.35,1.35,1561.0
2023,8,18,19,0,0.55,0.55,512.4945468908035
2023,8,18,20,0,1.78,1.78,1561.0
2023,8,18,21,0,1.71,1.71,1561.0
2023,8,18,22,0,2.8000000000000003,2.8000000000000003,1561.0
2023,8,18,23,0,3.06,3.06,1561.0
2023,8,19,0,0,2.5500000000000003,2.5500000000000003,1561.0
2023,8,19,1,0,3.53,3.53,1561.0
2023,8,19,2,0,4.36,4.36,1561.0
2023,8,19,3,0,5.71,5.71,1561.0
2023,8,19,4,0,5.7700000000000005,5.7700000000000005,1561.0
2023,8,19,5,0,4.8500000000000005,4.8500000000000005,1561.0
2023,8,19,6,0,4.86,4.86,1561.0
2023,8,19,7,0,5.66,5.66,1561.0
2023,8,19,8,0,4.95,4.95,1561.0
2023,8,19,9,0,3.0500000000000003,3.0500000000000003,1561.0
2023,8,19,10,0,3.67,3.67,1561.0
2023,8,19,11,0,4.23,4.23,1561.0
2023,8,19,12,0,4.71,4.71,1561.0
2023,8,19,13,0,4.93,4.93,1561.0
2023,8,19,14,0,5.95,5.95,1561.0
2023,8,19,15,0,5.7700000000000005,5.7700000000000005,1561.0
2023,8,19,16,0,6.0600000000000005,6.0600000000000005,1561.0
2023,8,19,17,0,5.63,5.63,1561.0
2023,8,19,18,0,6.0200000000000005,6.0200000000000005,1561.0
2023,8,19,19,0,7.96,7.96,1561.0
2023,8,19,20,0,7.26,7.26,1561.0
2023,8,19,21,0,9.95,9.95,1561.0
2023,8,19,22,0,7.68,7.68,1561.0
2023,8,19,23,0,8.09,8.09,1561.0
2023,8,20,0,0,7.9,7.9,1561.0
2023,8,20,1,0,7.51,7.51,1561.0
2023,8,20,2,0,8.01,8.01,1561.0
2023,8,20,3,0,7.87,7.87,1561.0
2023,8,20,4,0,7.76,7.76,1561.0
2023,8,20,5,0,7.49,7.49,1561.0
2023,8,20,6,0,6.66,6.66,1561.0
2023,8,20,7,0,6.140000000000001,6.140000000000001,1561.0
2023,8,20,8,0,5.01,5.01,1561.0
2023,8,20,9,0,5.46,5.46,1561.0
2023,8,20,10,0,3.48,3.48,1561.0
2023,8,20,11,0,2.62,2.62,1561.0
2023,8,20,12,0,1.64,1.64,1561.0
2023,8,20,13,0,0.8300000000000001,0.8300000000000001,1561.0
2023,8,20,14,0,0.99,0.99,1561.0
2023,8,20,15,0,0.71,0.71,1102.4939790968251
2023,8,20,16,0,0.68,0.68,968.5630976286648
2023,8,20,17,0,0.8200000000000001,0.8200000000000001,1561.0
2023,8,20,18,0,2.6,2.6,1561.0
2023,8,20,19,0,1.92,1.92,1561.0
2023,8,20,20,0,3.68,3.68,1561.0
2023,8,20,21,0,2.9,2.9,1561.0
2023,8,20,22,0,4.62,4.62,1561.0
2023,8,20,23,0,3.79,3.79,1561.0
2023,8,21,0,0,4.59,4.59,1561.0
2023,8,21,1,0,4.45,4.45,1561.0
2023,8,21,2,0,5.86,5.86,1561.0
2023,8,21,3,0,6.03,6.03,1561.0
2023,8,21,4,0,5.41,5.41,1561.0
2023,8,21,5,0,5.53,5.53,1561.0
2023,8,21,6,0,7.16,7.16,1561.0
2023,8,21,7,0,6.0200000000000005,6.0200000000000005,1561.0
2023,8,21,8,0,4.13,4.13,1561.0
2023,8,21,9,0,3.1,3.1,1561.0
2023,8,21,10,0,3.14,3.14,1561.0
2023,8,21,11,0,2.44,2.44,1561.0
2023,8,21,12,0,1.75,1.75,1561.0
2023,8,21,13,0,1.44,1.44,1561.0
2023,8,21,14,0,3.19,3.19,1561.0
2023,8,21,15,0,3.41,3.41,1561.0
2023,8,21,16,0,2.48,2.48,1561.0
2023,8,21,17,0,3.65,3.65,1561.0
2023,8,21,18,0,3.35,3.35,1561.0
2023,8,21,19,0,2.67,2.67,1561.0
2023,8,21,20,0,5.7,5.7,1561.0
2023,8,21,21,0,7.86,7.86,1561.0
2023,8,21,22,0,6.76,6.76,1561.0
2023,8,21,23,0,6.22,6.22,1561.0
2023,8,22,0,0,7.04,7.04,1561.0
2023,8,22,1,0,5.74,5.74,1561.0
2023,8,22,2,0,5.54,5.54,1561.0
2023,8,22,3,0,5.48,5.48,1561.0
2023,8,22,4,0,5.29,5.29,1561.0
2023,8,22,5,0,4.94,4.94,1561.0
2023,8,22,6,0,6.32,6.32,1561.0
2023,8,22,7,0,6.3100000000000005,6.3100000000000005,1561.0
2023,8,22,8,0,4.24,4.24,1561.0
2023,8,22,9,0,2.61,2.61,1561.0
2023,8,22,10,0,4.16,4.16,1561.0
2023,8,22,11,0,4.14,4.14,1561.0
2023,8,22,12,0,3.6,3.6,1561.0
2023,8,22,13,0,3.82,3.82,1561.0
2023,8,22,14,0,3.79,3.79,1561.0
2023,8,22,15,0,2.25,2.25,1561.0
2023,8,22,16,0,2.2,2.2,1561.0
2023,8,22,17,0,1.36,1.36,1561.0
2023,8,22,18,0,0.93,0.93,1561.0
2023,8,22,19,0,1.61,1.61,1561.0
2023,8,22,20,0,3.34,3.34,1561.0
2023,8,22,21,0,6.5200000000000005,6.5200000000000005,1561.0
2023,8,22,22,0,7.67,7.67,1561.0
2023,8,22,23,0,7.61,7.61,1561.0
2023,8,23,0,0,8.41,8.41,1561.0
2023,8,23,1,0,5.37,5.37,1561.0
2023,8,23,2,0,8.08,8.08,1561.0
2023,8,23,3,0,7.930000000000001,7.930000000000001,1561.0
2023,8,23,4,0,8.6,8.6,1561.0
2023,8,23,5,0,8.08,8.08,1561.0
2023,8,23,6,0,8.39,8.39,1561.0
2023,8,23,7,0,6.0,6.0,1561.0
2023,8,23,8,0,5.3,5.3,1561.0
2023,8,23,9,0,5.23,5.23,1561.0
2023,8,23,10,0,5.8,5.8,1561.0
2023,8,23,11,0,6.28,6.28,1561.0
2023,8,23,12,0,6.19,6.19,1561.0
2023,8,23,13,0,6.24,6.24,1561.0
2023,8,23,14,0,6.87,6.87,1561.0
2023,8,23,15,0,7.140000000000001,7.140000000000001,1561.0
2023,8,23,16,0,6.76,6.76,1561.0
2023,8,23,17,0,7.11,7.11,1561.0
2023,8,23,18,0,7.12,7.12,1561.0
2023,8,23,19,0,7.61,7.61,1561.0
2023,8,23,20,0,8.68,8.68,1561.0
2023,8,23,21,0,10.01,10.01,1561.0
2023,8,23,22,0,8.65,8.65,1561.0
2023,8,23,23,0,8.52,8.52,1561.0
2023,8,24,0,0,8.94,8.94,1561.0
2023,8,24,1,0,8.120000000000001,8.120000000000001,1561.0
2023,8,24,2,0,9.23,9.23,1561.0
2023,8,24,3,0,8.93,8.93,1561.0
2023,8,24,4,0,8.43,8.43,1561.0
2023,8,24,5,0,8.34,8.34,1561.0
2023,8,24,6,0,8.42,8.42,1561.0
2023,8,24,7,0,8.39,8.39,1561.0
2023,8,24,8,0,7.21,7.21,1561.0
2023,8,24,9,0,5.4,5.4,1561.0
2023,8,24,10,0,4.12,4.12,1561.0
2023,8,24,11,0,4.8,4.8,1561.0
2023,8,24,12,0,4.8500000000000005,4.8500000000000005,1561.0
2023,8,24,13,0,6.38,6.38,1561.0
2023,8,24,14,0,7.22,7.22,1561.0
2023,8,24,15,0,7.84,7.84,1561.0
2023,8,24,16,0,7.86,7.86,1561.0
2023,8,24,17,0,8.47,8.47,1561.0
2023,8,24,18,0,8.0,8.0,1561.0
2023,8,24,19,0,8.72,8.72,1561.0
2023,8,24,20,0,10.17,10.17,1561.0
2023,8,24,21,0,10.33,10.33,1561.0
2023,8,24,22,0,9.63,9.63,1561.0
2023,8,24,23,0,10.74,10.74,1561.0
2023,8,25,0,0,8.69,8.69,1561.0
2023,8,25,1,0,9.07,9.07,1561.0
2023,8,25,2,0,8.93,8.93,1561.0
2023,8,25,3,0,7.44,7.44,1561.0
2023,8,25,4,0,5.69,5.69,1561.0
2023,8,25,5,0,4.73,4.73,1561.0
2023,8,25,6,0,4.69,4.69,1561.0
2023,8,25,7,0,4.23,4.23,1561.0
2023,8,25,8,0,2.02,2.02,1561.0
2023,8,25,9,0,3.28,3.28,1561.0
2023,8,25,10,0,2.75,2.75,1561.0
2023,8,25,11,0,3.09,3.09,1561.0
2023,8,25,12,0,4.5200000000000005,4.5200000000000005,1561.0
2023,8,25,13,0,5.51,5.51,1561.0
2023,8,25,14,0,4.79,4.79,1561.0
2023,8,25,15,0,3.26,3.26,1561.0
2023,8,25,16,0,2.39,2.39,1561.0
2023,8,25,17,0,2.13,2.13,1561.0
2023,8,25,18,0,2.39,2.39,1561.0
2023,8,25,19,0,3.17,3.17,1561.0
2023,8,25,20,0,3.43,3.43,1561.0
2023,8,25,21,0,3.96,3.96,1561.0
2023,8,25,22,0,5.26,5.26,1561.0
2023,8,25,23,0,5.7700000000000005,5.7700000000000005,1561.0
2023,8,26,0,0,2.84,2.84,1561.0
2023,8,26,1,0,4.01,4.01,1561.0
2023,8,26,2,0,5.17,5.17,1561.0
2023,8,26,3,0,6.41,6.41,1561.0
2023,8,26,4,0,5.73,5.73,1561.0
2023,8,26,5,0,5.78,5.78,1561.0
2023,8,26,6,0,5.07,5.07,1561.0
2023,8,26,7,0,4.09,4.09,1561.0
2023,8,26,8,0,2.6,2.6,1561.0
2023,8,26,9,0,4.2,4.2,1561.0
2023,8,26,10,0,4.66,4.66,1561.0
2023,8,26,11,0,5.26,5.26,1561.0
2023,8,26,12,0,5.7,5.7,1561.0
2023,8,26,13,0,6.45,6.45,1561.0
2023,8,26,14,0,6.2700000000000005,6.2700000000000005,1561.0
2023,8,26,15,0,5.6000000000000005,5.6000000000000005,1561.0
2023,8,26,16,0,5.41,5.41,1561.0
2023,8,26,17,0,7.26,7.26,1561.0
2023,8,26,18,0,7.71,7.71,1561.0
2023,8,26,19,0,8.69,8.69,1561.0
2023,8,26,20,0,8.48,8.48,1561.0
2023,8,26,21,0,8.96,8.96,1561.0
2023,8,26,22,0,8.870000000000001,8.870000000000001,1561.0
2023,8,26,23,0,8.48,8.48,1561.0
2023,8,27,0,0,8.01,8.01,1561.0
2023,8,27,1,0,8.07,8.07,1561.0
2023,8,27,2,0,7.78,7.78,1561.0
2023,8,27,3,0,8.6,8.6,1561.0
2023,8,27,4,0,8.120000000000001,8.120000000000001,1561.0
2023,8,27,5,0,8.040000000000001,8.040000000000001,1561.0
2023,8,27,6,0,7.13,7.13,1561.0
2023,8,27,7,0,7.58,7.58,1561.0
2023,8,27,8,0,5.95,5.95,1561.0
2023,8,27,9,0,4.86,4.86,1561.0
2023,8,27,10,0,4.05,4.05,1561.0
2023,8,27,11,0,4.39,4.39,1561.0
2023,8,27,12,0,3.76,3.76,1561.0
2023,8,27,13,0,3.4,3.4,1561.0
2023,8,27,14,0,3.9,3.9,1561.0
2023,8,27,15,0,4.65,4.65,1561.0
2023,8,27,16,0,4.08,4.08,1561.0
2023,8,27,17,0,4.42,4.42,1561.0
2023,8,27,18,0,5.19,5.19,1561.0
2023,8,27,19,0,5.57,5.57,1561.0
2023,8,27,20,0,6.3100000000000005,6.3100000000000005,1561.0
2023,8,27,21,0,7.31,7.31,1561.0
2023,8,27,22,0,7.41,7.41,1561.0
2023,8,27,23,0,7.5,7.5,1561.0
2023,8,28,0,0,7.390000000000001,7.390000000000001,1561.0
2023,8,28,1,0,7.37,7.37,1561.0
2023,8,28,2,0,6.59,6.59,1561.0
2023,8,28,3,0,5.62,5.62,1561.0
2023,8,28,4,0,4.87,4.87,1561.0
2023,8,28,5,0,5.72,5.72,1561.0
2023,8,28,6,0,4.51,4.51,1561.0
2023,8,28,7,0,4.33,4.33,1561.0
2023,8,28,8,0,3.56,3.56,1561.0
2023,8,28,9,0,3.01,3.01,1561.0
2023,8,28,10,0,3.41,3.41,1561.0
2023,8,28,11,0,3.53,3.53,1561.0
2023,8,28,12,0,3.5500000000000003,3.5500000000000003,1561.0
2023,8,28,13,0,3.35,3.35,1561.0
2023,8,28,14,0,3.52,3.52,1561.0
2023,8,28,15,0,3.0700000000000003,3.0700000000000003,1561.0
2023,8,28,16,0,2.0,2.0,1561.0
2023,8,28,17,0,2.45,2.45,1561.0
2023,8,28,18,0,2.53,2.53,1561.0
2023,8,28,19,0,3.51,3.51,1561.0
2023,8,28,20,0,3.53,3.53,1561.0
2023,8,28,21,0,3.73,3.73,1561.0
2023,8,28,22,0,1.81,1.81,1561.0
2023,8,28,23,0,1.41,1.41,1561.0
2023,8,29,0,0,1.51,1.51,1561.0
2023,8,29,1,0,1.52,1.52,1561.0
2023,8,29,2,0,1.98,1.98,1561.0
2023,8,29,3,0,1.08,1.08,1561.0
2023,8,29,4,0,0.04,0.04,0.19714290609172905
2023,8,29,5,0,2.18,2.18,1561.0
2023,8,29,6,0,3.61,3.61,1561.0
2023,8,29,7,0,4.22,4.22,1561.0
2023,8,29,8,0,3.85,3.85,1561.0
2023,8,29,9,0,2.67,2.67,1561.0
2023,8,29,10,0,3.1,3.1,1561.0
2023,8,29,11,0,3.49,3.49,1561.0
2023,8,29,12,0,3.97,3.97,1561.0
2023,8,29,13,0,3.25,3.25,1561.0
2023,8,29,14,0,3.84,3.84,1561.0
2023,8,29,15,0,4.8,4.8,1561.0
2023,8,29,16,0,5.7700000000000005,5.7700000000000005,1561.0
2023,8,29,17,0,5.6000000000000005,5.6000000000000005,1561.0
2023,8,29,18,0,4.21,4.21,1561.0
2023,8,29,19,0,5.83,5.83,1561.0
2023,8,29,20,0,6.5200000000000005,6.5200000000000005,1561.0
2023,8,29,21,0,6.41,6.41,1561.0
2023,8,29,22,0,9.13,9.13,1561.0
2023,8,29,23,0,6.76,6.76,1561.0
2023,8,30,0,0,8.13,8.13,1561.0
2023,8,30,1,0,7.67,7.67,1561.0
2023,8,30,2,0,8.22,8.22,1561.0
2023,8,30,3,0,8.55,8.55,1561.0
2023,8,30,4,0,8.790000000000001,8.790000000000001,1561.0
2023,8,30,5,0,8.25,8.25,1561.0
2023,8,30,6,0,8.78,8.78,1561.0
2023,8,30,7,0,9.34,9.34,1561.0
2023,8,30,8,0,7.31,7.31,1561.0
2023,8,30,9,0,7.98,7.98,1561.0
2023,8,30,10,0,8.74,8.74,1561.0
2023,8,30,11,0,9.29,9.29,1561.0
2023,8,30,12,0,8.15,8.15,1561.0
2023,8,30,13,0,7.7,7.7,1561.0
2023,8,30,14,0,7.03,7.03,1561.0
2023,8,30,15,0,7.25,7.25,1561.0
2023,8,30,16,0,6.78,6.78,1561.0
2023,8,30,17,0,7.44,7.44,1561.0
2023,8,30,18,0,7.18,7.18,1561.0
2023,8,30,19,0,6.69,6.69,1561.0
2023,8,30,20,0,8.08,8.08,1561.0
2023,8,30,21,0,9.14,9.14,1561.0
2023,8,30,22,0,8.18,8.18,1561.0
2023,8,30,23,0,8.13,8.13,1561.0
2023,8,31,0,0,8.1,8.1,1561.0
2023,8,31,1,0,7.52,7.52,1561.0
2023,8,31,2,0,7.69,7.69,1561.0
2023,8,31,3,0,7.94,7.94,1561.0
2023,8,31,4,0,7.25,7.25,1561.0
2023,8,31,5,0,5.24,5.24,1561.0
2023,8,31,6,0,3.82,3.82,1561.0
2023,8,31,7,0,1.84,1.84,1561.0
2023,8,31,8,0,3.17,3.17,1561.0
2023,8,31,9,0,2.44,2.44,1561.0
2023,8,31,10,0,3.5500000000000003,3.5500000000000003,1561.0
2023,8,31,11,0,3.17,3.17,1561.0
2023,8,31,12,0,3.79,3.79,1561.0
2023,8,31,13,0,4.67,4.67,1561.0
2023,8,31,14,0,5.71,5.71,1561.0
2023,8,31,15,0,4.94,4.94,1561.0
2023,8,31,16,0,5.47,5.47,1561.0
2023,8,31,17,0,5.79,5.79,1561.0
2023,8,31,18,0,5.65,5.65,1561.0
2023,8,31,19,0,6.0,6.0,1561.0
2023,8,31,20,0,5.83,5.83,1561.0
2023,8,31,21,0,7.9,7.9,1561.0
2023,8,31,22,0,7.65,7.65,1561.0
2023,8,31,23,0,6.63,6.63,1561.0
2023,9,1,0,0,8.36,8.36,1561.0
2023,9,1,1,0,7.86,7.86,1561.0
2023,9,1,2,0,8.32,8.32,1561.0
2023,9,1,3,0,7.12,7.12,1561.0
2023,9,1,4,0,5.28,5.28,1561.0
2023,9,1,5,0,5.84,5.84,1561.0
2023,9,1,6,0,4.29,4.29,1561.0
2023,9,1,7,0,4.64,4.64,1561.0
2023,9,1,8,0,3.97,3.97,1561.0
2023,9,1,9,0,2.14,2.14,1561.0
2023,9,1,10,0,1.87,1.87,1561.0
2023,9,1,11,0,1.83,1.83,1561.0
2023,9,1,12,0,2.28,2.28,1561.0
2023,9,1,13,0,3.0,3.0,1561.0
2023,9,1,14,0,1.53,1.53,1561.0
2023,9,1,15,0,1.1,1.1,1561.0
2023,9,1,16,0,1.7,1.7,1561.0
2023,9,1,17,0,2.39,2.39,1561.0
2023,9,1,18,0,2.54,2.54,1561.0
2023,9,1,19,0,1.78,1.78,1561.0
2023,9,1,20,0,2.96,2.96,1561.0
2023,9,1,21,0,5.95,5.95,1561.0
2023,9,1,22,0,5.0600000000000005,5.0600000000000005,1561.0
2023,9,1,23,0,6.95,6.95,1561.0
2023,9,2,0,0,4.29,4.29,1561.0
2023,9,2,1,0,3.72,3.72,1561.0
2023,9,2,2,0,3.43,3.43,1561.0
2023,9,2,3,0,3.99,3.99,1561.0
2023,9,2,4,0,3.58,3.58,1561.0
2023,9,2,5,0,3.66,3.66,1561.0
2023,9,2,6,0,2.89,2.89,1561.0
2023,9,2,7,0,3.59,3.59,1561.0
2023,9,2,8,0,6.0600000000000005,6.0600000000000005,1561.0
2023,9,2,9,0,2.25,2.25,1561.0
2023,9,2,10,0,3.5700000000000003,3.5700000000000003,1561.0
2023,9,2,11,0,4.07,4.07,1561.0
2023,9,2,12,0,3.9,3.9,1561.0
2023,9,2,13,0,4.01,4.01,1561.0
2023,9,2,14,0,4.8,4.8,1561.0
2023,9,2,15,0,6.2700000000000005,6.2700000000000005,1561.0
2023,9,2,16,0,7.65,7.65,1561.0
2023,9,2,17,0,5.25,5.25,1561.0
2023,9,2,18,0,5.74,5.74,1561.0
2023,9,2,19,0,6.03,6.03,1561.0
2023,9,2,20,0,6.12,6.12,1561.0
2023,9,2,21,0,6.69,6.69,1561.0
2023,9,2,22,0,7.76,7.76,1561.0
2023,9,2,23,0,8.4,8.4,1561.0
2023,9,3,0,0,8.64,8.64,1561.0
2023,9,3,1,0,9.38,9.38,1561.0
2023,9,3,2,0,8.24,8.24,1561.0
2023,9,3,3,0,9.35,9.35,1561.0
2023,9,3,4,0,9.07,9.07,1561.0
2023,9,3,5,0,8.1,8.1,1561.0
2023,9,3,6,0,7.35,7.35,1561.0
2023,9,3,7,0,6.46,6.46,1561.0
2023,9,3,8,0,6.2,6.2,1561.0
2023,9,3,9,0,6.19,6.19,1561.0
2023,9,3,10,0,6.3,6.3,1561.0
2023,9,3,11,0,6.5200000000000005,6.5200000000000005,1561.0
2023,9,3,12,0,6.03,6.03,1561.0
2023,9,3,13,0,6.23,6.23,1561.0
2023,9,3,14,0,6.5600000000000005,6.5600000000000005,1561.0
2023,9,3,15,0,6.57,6.57,1561.0
2023,9,3,16,0,6.47,6.47,1561.0
2023,9,3,17,0,5.86,5.86,1561.0
2023,9,3,18,0,5.46,5.46,1561.0
2023,9,3,19,0,5.46,5.46,1561.0
2023,9,3,20,0,6.96,6.96,1561.0
2023,9,3,21,0,8.75,8.75,1561.0
2023,9,3,22,0,8.950000000000001,8.950000000000001,1561.0
2023,9,3,23,0,8.57,8.57,1561.0
2023,9,4,0,0,8.52,8.52,1561.0
2023,9,4,1,0,7.95,7.95,1561.0
2023,9,4,2,0,8.52,8.52,1561.0
2023,9,4,3,0,8.38,8.38,1561.0
2023,9,4,4,0,7.3,7.3,1561.0
2023,9,4,5,0,6.11,6.11,1561.0
2023,9,4,6,0,6.37,6.37,1561.0
2023,9,4,7,0,6.37,6.37,1561.0
2023,9,4,8,0,5.9,5.9,1561.0
2023,9,4,9,0,4.11,4.11,1561.0
2023,9,4,10,0,4.39,4.39,1561.0
2023,9,4,11,0,6.26,6.26,1561.0
2023,9,4,12,0,6.5600000000000005,6.5600000000000005,1561.0
2023,9,4,13,0,5.7700000000000005,5.7700000000000005,1561.0
2023,9,4,14,0,6.62,6.62,1561.0
2023,9,4,15,0,6.38,6.38,1561.0
2023,9,4,16,0,6.18,6.18,1561.0
2023,9,4,17,0,5.09,5.09,1561.0
2023,9,4,18,0,4.86,4.86,1561.0
2023,9,4,19,0,5.7,5.7,1561.0
2023,9,4,20,0,5.93,5.93,1561.0
2023,9,4,21,0,7.43,7.43,1561.0
2023,9,4,22,0,8.48,8.48,1561.0
2023,9,4,23,0,8.620000000000001,8.620000000000001,1561.0
2023,9,5,0,0,8.55,8.55,1561.0
2023,9,5,1,0,8.01,8.01,1561.0
2023,9,5,2,0,7.23,7.23,1561.0
2023,9,5,3,0,7.42,7.42,1561.0
2023,9,5,4,0,7.46,7.46,1561.0
2023,9,5,5,0,7.65,7.65,1561.0
2023,9,5,6,0,7.3,7.3,1561.0
2023,9,5,7,0,6.78,6.78,1561.0
2023,9,5,8,0,6.3500000000000005,6.3500000000000005,1561.0
2023,9,5,9,0,3.85,3.85,1561.0
2023,9,5,10,0,5.71,5.71,1561.0
2023,9,5,11,0,6.890000000000001,6.890000000000001,1561.0
2023,9,5,12,0,7.56,7.56,1561.0
2023,9,5,13,0,6.67,6.67,1561.0
2023,9,5,14,0,6.66,6.66,1561.0
2023,9,5,15,0,7.71,7.71,1561.0
2023,9,5,16,0,7.62,7.62,1561.0
2023,9,5,17,0,7.12,7.12,1561.0
2023,9,5,18,0,9.08,9.08,1561.0
2023,9,5,19,0,10.34,10.34,1561.0
2023,9,5,20,0,8.620000000000001,8.620000000000001,1561.0
2023,9,5,21,0,9.74,9.74,1561.0
2023,9,5,22,0,7.45,7.45,1561.0
2023,9,5,23,0,8.23,8.23,1561.0
2023,9,6,0,0,8.61,8.61,1561.0
2023,9,6,1,0,9.05,9.05,1561.0
2023,9,6,2,0,8.97,8.97,1561.0
2023,9,6,3,0,8.09,8.09,1561.0
2023,9,6,4,0,9.13,9.13,1561.0
2023,9,6,5,0,8.94,8.94,1561.0
2023,9,6,6,0,9.08,9.08,1561.0
2023,9,6,7,0,6.46,6.46,1561.0
2023,9,6,8,0,7.51,7.51,1561.0
2023,9,6,9,0,9.26,9.26,1561.0
2023,9,6,10,0,10.74,10.74,1561.0
2023,9,6,11,0,9.2,9.2,1561.0
2023,9,6,12,0,8.34,8.34,1561.0
2023,9,6,13,0,10.06,10.06,1561.0
2023,9,6,14,0,8.74,8.74,1561.0
2023,9,6,15,0,9.96,9.96,1561.0
2023,9,6,16,0,10.79,10.79,1561.0
2023,9,6,17,0,11.05,11.05,1561.0
2023,9,6,18,0,9.99,9.99,1561.0
2023,9,6,19,0,9.14,9.14,1561.0
2023,9,6,20,0,8.24,8.24,1561.0
2023,9,6,21,0,8.88,8.88,1561.0
2023,9,6,22,0,8.540000000000001,8.540000000000001,1561.0
2023,9,6,23,0,6.28,6.28,1561.0
2023,9,7,0,0,6.82,6.82,1561.0
2023,9,7,1,0,5.68,5.68,1561.0
2023,9,7,2,0,5.48,5.48,1561.0
2023,9,7,3,0,6.44,6.44,1561.0
2023,9,7,4,0,5.7700000000000005,5.7700000000000005,1561.0
2023,9,7,5,0,6.36,6.36,1561.0
2023,9,7,6,0,6.3100000000000005,6.3100000000000005,1561.0
2023,9,7,7,0,4.61,4.61,1561.0
2023,9,7,8,0,5.0,5.0,1561.0
2023,9,7,9,0,4.24,4.24,1561.0
2023,9,7,10,0,2.85,2.85,1561.0
2023,9,7,11,0,4.04,4.04,1561.0
2023,9,7,12,0,4.6000000000000005,4.6000000000000005,1561.0
2023,9,7,13,0,2.08,2.08,1561.0
2023,9,7,14,0,4.04,4.04,1561.0
2023,9,7,15,0,5.51,5.51,1561.0
2023,9,7,16,0,4.66,4.66,1561.0
2023,9,7,17,0,5.99,5.99,1561.0
2023,9,7,18,0,6.04,6.04,1561.0
2023,9,7,19,0,5.8500000000000005,5.8500000000000005,1561.0
2023,9,7,20,0,6.33,6.33,1561.0
2023,9,7,21,0,6.67,6.67,1561.0
2023,9,7,22,0,6.95,6.95,1561.0
2023,9,7,23,0,6.32,6.32,1561.0
2023,9,8,0,0,5.55,5.55,1561.0
2023,9,8,1,0,4.88,4.88,1561.0
2023,9,8,2,0,3.97,3.97,1561.0
2023,9,8,3,0,3.34,3.34,1561.0
2023,9,8,4,0,5.8,5.8,1561.0
2023,9,8,5,0,6.17,6.17,1561.0
2023,9,8,6,0,5.59,5.59,1561.0
2023,9,8,7,0,4.96,4.96,1561.0
2023,9,8,8,0,3.74,3.74,1561.0
2023,9,8,9,0,3.6,3.6,1561.0
2023,9,8,10,0,2.7,2.7,1561.0
2023,9,8,11,0,3.86,3.86,1561.0
2023,9,8,12,0,5.21,5.21,1561.0
2023,9,8,13,0,4.26,4.26,1561.0
2023,9,8,14,0,4.09,4.09,1561.0
2023,9,8,15,0,6.16,6.16,1561.0
2023,9,8,16,0,4.65,4.65,1561.0
2023,9,8,17,0,4.74,4.74,1561.0
2023,9,8,18,0,6.93,6.93,1561.0
2023,9,8,19,0,6.6000000000000005,6.6000000000000005,1561.0
2023,9,8,20,0,6.45,6.45,1561.0
2023,9,8,21,0,7.34,7.34,1561.0
2023,9,8,22,0,8.21,8.21,1561.0
2023,9,8,23,0,8.69,8.69,1561.0
2023,9,9,0,0,8.0,8.0,1561.0
2023,9,9,1,0,7.29,7.29,1561.0
2023,9,9,2,0,6.6000000000000005,6.6000000000000005,1561.0
2023,9,9,3,0,6.54,6.54,1561.0
2023,9,9,4,0,5.76,5.76,1561.0
2023,9,9,5,0,5.0200000000000005,5.0200000000000005,1561.0
2023,9,9,6,0,6.32,6.32,1561.0
2023,9,9,7,0,5.86,5.86,1561.0
2023,9,9,8,0,4.16,4.16,1561.0
2023,9,9,9,0,5.37,5.37,1561.0
2023,9,9,10,0,5.42,5.42,1561.0
2023,9,9,11,0,4.4,4.4,1561.0
2023,9,9,12,0,3.44,3.44,1561.0
2023,9,9,13,0,4.65,4.65,1561.0
2023,9,9,14,0,3.44,3.44,1561.0
2023,9,9,15,0,3.53,3.53,1561.0
2023,9,9,16,0,4.15,4.15,1561.0
2023,9,9,17,0,4.8,4.8,1561.0
2023,9,9,18,0,5.61,5.61,1561.0
2023,9,9,19,0,5.33,5.33,1561.0
2023,9,9,20,0,6.44,6.44,1561.0
2023,9,9,21,0,7.28,7.28,1561.0
2023,9,9,22,0,7.12,7.12,1561.0
2023,9,9,23,0,6.5200000000000005,6.5200000000000005,1561.0
2023,9,10,0,0,5.82,5.82,1561.0
2023,9,10,1,0,5.97,5.97,1561.0
2023,9,10,2,0,5.38,5.38,1561.0
2023,9,10,3,0,4.62,4.62,1561.0
2023,9,10,4,0,3.18,3.18,1561.0
2023,9,10,5,0,2.33,2.33,1561.0
2023,9,10,6,0,2.28,2.28,1561.0
2023,9,10,7,0,0.17,0.17,15.133798400447887
2023,9,10,8,0,2.27,2.27,1561.0
2023,9,10,9,0,0.71,0.71,1102.4939790968251
2023,9,10,10,0,0.8200000000000001,0.8200000000000001,1561.0
2023,9,10,11,0,1.16,1.16,1561.0
2023,9,10,12,0,0.9,0.9,1561.0
2023,9,10,13,0,0.56,0.56,540.9601343157045
2023,9,10,14,0,2.74,2.74,1561.0
2023,9,10,15,0,1.48,1.48,1561.0
2023,9,10,16,0,1.5,1.5,1561.0
2023,9,10,17,0,1.84,1.84,1561.0
2023,9,10,18,0,2.17,2.17,1561.0
2023,9,10,19,0,1.55,1.55,1561.0
2023,9,10,20,0,2.41,2.41,1561.0
2023,9,10,21,0,1.84,1.84,1561.0
2023,9,10,22,0,2.89,2.89,1561.0
2023,9,10,23,0,1.56,1.56,1561.0
2023,9,11,0,0,4.26,4.26,1561.0
2023,9,11,1,0,4.32,4.32,1561.0
2023,9,11,2,0,3.35,3.35,1561.0
2023,9,11,3,0,3.43,3.43,1561.0
2023,9,11,4,0,3.79,3.79,1561.0
2023,9,11,5,0,3.4,3.4,1561.0
2023,9,11,6,0,5.2,5.2,1561.0
2023,9,11,7,0,5.1000000000000005,5.1000000000000005,1561.0
2023,9,11,8,0,6.17,6.17,1561.0
2023,9,11,9,0,3.0700000000000003,3.0700000000000003,1561.0
2023,9,11,10,0,1.21,1.21,1561.0
2023,9,11,11,0,1.79,1.79,1561.0
2023,9,11,12,0,1.37,1.37,1561.0
2023,9,11,13,0,2.0,2.0,1561.0
2023,9,11,14,0,2.21,2.21,1561.0
2023,9,11,15,0,3.48,3.48,1561.0
2023,9,11,16,0,3.22,3.22,1561.0
2023,9,11,17,0,2.37,2.37,1561.0
2023,9,11,18,0,1.98,1.98,1561.0
2023,9,11,19,0,3.0700000000000003,3.0700000000000003,1561.0
2023,9,11,20,0,2.45,2.45,1561.0
2023,9,11,21,0,0.74,0.74,1248.2349527830436
2023,9,11,22,0,0.61,0.61,699.1827182438553
2023,9,11,23,0,1.55,1.55,1561.0
2023,9,12,0,0,2.03,2.03,1561.0
2023,9,12,1,0,2.77,2.77,1561.0
2023,9,12,2,0,4.61,4.61,1561.0
2023,9,12,3,0,1.81,1.81,1561.0
2023,9,12,4,0,3.36,3.36,1561.0
2023,9,12,5,0,3.0500000000000003,3.0500000000000003,1561.0
2023,9,12,6,0,4.9,4.9,1561.0
2023,9,12,7,0,3.53,3.53,1561.0
2023,9,12,8,0,5.87,5.87,1561.0
2023,9,12,9,0,5.7700000000000005,5.7700000000000005,1561.0
2023,9,12,10,0,5.08,5.08,1561.0
2023,9,12,11,0,3.79,3.79,1561.0
2023,9,12,12,0,4.68,4.68,1561.0
2023,9,12,13,0,4.19,4.19,1561.0
2023,9,12,14,0,3.35,3.35,1561.0
2023,9,12,15,0,4.89,4.89,1561.0
2023,9,12,16,0,5.09,5.09,1561.0
2023,9,12,17,0,5.42,5.42,1561.0
2023,9,12,18,0,6.73,6.73,1561.0
2023,9,12,19,0,7.33,7.33,1561.0
2023,9,12,20,0,7.97,7.97,1561.0
2023,9,12,21,0,7.91,7.91,1561.0
2023,9,12,22,0,7.47,7.47,1561.0
2023,9,12,23,0,7.7,7.7,1561.0
2023,9,13,0,0,6.29,6.29,1561.0
2023,9,13,1,0,5.54,5.54,1561.0
2023,9,13,2,0,3.41,3.41,1561.0
2023,9,13,3,0,3.69,3.69,1561.0
2023,9,13,4,0,2.93,2.93,1561.0
2023,9,13,5,0,1.8,1.8,1561.0
2023,9,13,6,0,1.64,1.64,1561.0
2023,9,13,7,0,1.44,1.44,1561.0
2023,9,13,8,0,1.29,1.29,1561.0
2023,9,13,9,0,0.77,0.77,1406.2850366683645
2023,9,13,10,0,1.48,1.48,1561.0
2023,9,13,11,0,1.75,1.75,1561.0
2023,9,13,12,0,3.35,3.35,1561.0
2023,9,13,13,0,2.56,2.56,1561.0
2023,9,13,14,0,4.73,4.73,1561.0
2023,9,13,15,0,4.86,4.86,1561.0
2023,9,13,16,0,6.07,6.07,1561.0
2023,9,13,17,0,5.74,5.74,1561.0
2023,9,13,18,0,7.18,7.18,1561.0
2023,9,13,19,0,6.79,6.79,1561.0
2023,9,13,20,0,7.930000000000001,7.930000000000001,1561.0
2023,9,13,21,0,7.29,7.29,1561.0
2023,9,13,22,0,7.31,7.31,1561.0
2023,9,13,23,0,7.71,7.71,1561.0
2023,9,14,0,0,6.65,6.65,1561.0
2023,9,14,1,0,6.76,6.76,1561.0
2023,9,14,2,0,5.04,5.04,1561.0
2023,9,14,3,0,4.21,4.21,1561.0
2023,9,14,4,0,3.41,3.41,1561.0
2023,9,14,5,0,2.51,2.51,1561.0
2023,9,14,6,0,4.05,4.05,1561.0
2023,9,14,7,0,3.9,3.9,1561.0
2023,9,14,8,0,4.41,4.41,1561.0
2023,9,14,9,0,3.59,3.59,1561.0
2023,9,14,10,0,3.39,3.39,1561.0
2023,9,14,11,0,3.03,3.03,1561.0
2023,9,14,12,0,2.24,2.24,1561.0
2023,9,14,13,0,1.84,1.84,1561.0
2023,9,14,14,0,2.86,2.86,1561.0
2023,9,14,15,0,3.3200000000000003,3.3200000000000003,1561.0
2023,9,14,16,0,2.58,2.58,1561.0
2023,9,14,17,0,2.24,2.24,1561.0
2023,9,14,18,0,3.99,3.99,1561.0
2023,9,14,19,0,4.34,4.34,1561.0
2023,9,14,20,0,4.28,4.28,1561.0
2023,9,14,21,0,6.73,6.73,1561.0
2023,9,14,22,0,7.94,7.94,1561.0
2023,9,14,23,0,6.87,6.87,1561.0
2023,9,15,0,0,7.09,7.09,1561.0
2023,9,15,1,0,6.83,6.83,1561.0
2023,9,15,2,0,5.87,5.87,1561.0
2023,9,15,3,0,6.42,6.42,1561.0
2023,9,15,4,0,6.32,6.32,1561.0
2023,9,15,5,0,5.22,5.22,1561.0
2023,9,15,6,0,5.47,5.47,1561.0
2023,9,15,7,0,4.99,4.99,1561.0
2023,9,15,8,0,4.8,4.8,1561.0
2023,9,15,9,0,2.87,2.87,1561.0
2023,9,15,10,0,2.68,2.68,1561.0
2023,9,15,11,0,2.12,2.12,1561.0
2023,9,15,12,0,0.98,0.98,1561.0
2023,9,15,13,0,0.72,0.72,1149.7374283269635
2023,9,15,14,0,0.91,0.91,1561.0
2023,9,15,15,0,1.81,1.81,1561.0
2023,9,15,16,0,0.42,0.42,228.21755666443775
2023,9,15,17,0,0.86,0.86,1561.0
2023,9,15,18,0,2.74,2.74,1561.0
2023,9,15,19,0,3.34,3.34,1561.0
2023,9,15,20,0,6.73,6.73,1561.0
2023,9,15,21,0,7.6,7.6,1561.0
2023,9,15,22,0,6.95,6.95,1561.0
2023,9,15,23,0,5.95,5.95,1561.0
2023,9,16,0,0,7.57,7.57,1561.0
2023,9,16,1,0,7.52,7.52,1561.0
2023,9,16,2,0,7.68,7.68,1561.0
2023,9,16,3,0,7.09,7.09,1561.0
2023,9,16,4,0,6.04,6.04,1561.0
2023,9,16,5,0,4.05,4.05,1561.0
2023,9,16,6,0,3.19,3.19,1561.0
2023,9,16,7,0,2.87,2.87,1561.0
2023,9,16,8,0,4.08,4.08,1561.0
2023,9,16,9,0,3.5500000000000003,3.5500000000000003,1561.0
2023,9,16,10,0,1.07,1.07,1561.0
2023,9,16,11,0,1.67,1.67,1561.0
2023,9,16,12,0,0.25,0.25,48.13059230755103
2023,9,16,13,0,1.23,1.23,1561.0
2023,9,16,14,0,1.74,1.74,1561.0
2023,9,16,15,0,1.48,1.48,1561.0
2023,9,16,16,0,0.9,0.9,1561.0
2023,9,16,17,0,3.34,3.34,1561.0
2023,9,16,18,0,2.94,2.94,1561.0
2023,9,16,19,0,3.3200000000000003,3.3200000000000003,1561.0
2023,9,16,20,0,0.98,0.98,1561.0
2023,9,16,21,0,5.98,5.98,1561.0
2023,9,16,22,0,5.37,5.37,1561.0
2023,9,16,23,0,4.61,4.61,1561.0
2023,9,17,0,0,2.95,2.95,1561.0
2023,9,17,1,0,5.42,5.42,1561.0
2023,9,17,2,0,4.38,4.38,1561.0
2023,9,17,3,0,2.64,2.64,1561.0
2023,9,17,4,0,3.19,3.19,1561.0
2023,9,17,5,0,1.32,1.32,1561.0
2023,9,17,6,0,1.14,1.14,1561.0
2023,9,17,7,0,3.61,3.61,1561.0
2023,9,17,8,0,2.6,2.6,1561.0
2023,9,17,9,0,2.01,2.01,1561.0
2023,9,17,10,0,1.28,1.28,1561.0
2023,9,17,11,0,3.41,3.41,1561.0
2023,9,17,12,0,3.53,3.53,1561.0
2023,9,17,13,0,2.7,2.7,1561.0
2023,9,17,14,0,2.83,2.83,1561.0
2023,9,17,15,0,1.54,1.54,1561.0
2023,9,17,16,0,1.73,1.73,1561.0
2023,9,17,17,0,2.96,2.96,1561.0
2023,9,17,18,0,2.83,2.83,1561.0
2023,9,17,19,0,6.24,6.24,1561.0
2023,9,17,20,0,7.59,7.59,1561.0
2023,9,17,21,0,8.620000000000001,8.620000000000001,1561.0
2023,9,17,22,0,8.89,8.89,1561.0
2023,9,17,23,0,9.0,9.0,1561.0
2023,9,18,0,0,8.73,8.73,1561.0
2023,9,18,1,0,7.85,7.85,1561.0
2023,9,18,2,0,6.8500000000000005,6.8500000000000005,1561.0
2023,9,18,3,0,6.98,6.98,1561.0
2023,9,18,4,0,6.93,6.93,1561.0
2023,9,18,5,0,7.87,7.87,1561.0
2023,9,18,6,0,7.67,7.67,1561.0
2023,9,18,7,0,7.46,7.46,1561.0
2023,9,18,8,0,4.48,4.48,1561.0
2023,9,18,9,0,4.3100000000000005,4.3100000000000005,1561.0
2023,9,18,10,0,2.38,2.38,1561.0
2023,9,18,11,0,3.74,3.74,1561.0
2023,9,18,12,0,4.8,4.8,1561.0
2023,9,18,13,0,5.18,5.18,1561.0
2023,9,18,14,0,5.71,5.71,1561.0
2023,9,18,15,0,4.44,4.44,1561.0
2023,9,18,16,0,3.49,3.49,1561.0
2023,9,18,17,0,3.88,3.88,1561.0
2023,9,18,18,0,4.55,4.55,1561.0
2023,9,18,19,0,2.99,2.99,1561.0
2023,9,18,20,0,4.68,4.68,1561.0
2023,9,18,21,0,4.98,4.98,1561.0
2023,9,18,22,0,4.28,4.28,1561.0
2023,9,18,23,0,3.7,3.7,1561.0
2023,9,19,0,0,4.8100000000000005,4.8100000000000005,1561.0
2023,9,19,1,0,5.82,5.82,1561.0
2023,9,19,2,0,6.18,6.18,1561.0
2023,9,19,3,0,5.6000000000000005,5.6000000000000005,1561.0
2023,9,19,4,0,4.61,4.61,1561.0
2023,9,19,5,0,4.67,4.67,1561.0
2023,9,19,6,0,5.89,5.89,1561.0
2023,9,19,7,0,4.82,4.82,1561.0
2023,9,19,8,0,6.22,6.22,1561.0
2023,9,19,9,0,5.33,5.33,1561.0
2023,9,19,10,0,3.67,3.67,1561.0
2023,9,19,11,0,3.27,3.27,1561.0
2023,9,19,12,0,2.64,2.64,1561.0
2023,9,19,13,0,3.17,3.17,1561.0
2023,9,19,14,0,4.17,4.17,1561.0
2023,9,19,15,0,4.48,4.48,1561.0
2023,9,19,16,0,4.67,4.67,1561.0
2023,9,19,17,0,6.74,6.74,1561.0
2023,9,19,18,0,6.41,6.41,1561.0
2023,9,19,19,0,7.97,7.97,1561.0
2023,9,19,20,0,8.88,8.88,1561.0
2023,9,19,21,0,8.34,8.34,1561.0
2023,9,19,22,0,7.21,7.21,1561.0
2023,9,19,23,0,7.76,7.76,1561.0
2023,9,20,0,0,7.48,7.48,1561.0
2023,9,20,1,0,7.640000000000001,7.640000000000001,1561.0
2023,9,20,2,0,8.23,8.23,1561.0
2023,9,20,3,0,8.74,8.74,1561.0
2023,9,20,4,0,7.28,7.28,1561.0
2023,9,20,5,0,8.38,8.38,1561.0
2023,9,20,6,0,8.36,8.36,1561.0
2023,9,20,7,0,8.77,8.77,1561.0
2023,9,20,8,0,6.08,6.08,1561.0
2023,9,20,9,0,1.6,1.6,1561.0
2023,9,20,10,0,2.41,2.41,1561.0
2023,9,20,11,0,3.38,3.38,1561.0
2023,9,20,12,0,4.68,4.68,1561.0
2023,9,20,13,0,4.5200000000000005,4.5200000000000005,1561.0
2023,9,20,14,0,4.21,4.21,1561.0
2023,9,20,15,0,5.11,5.11,1561.0
2023,9,20,16,0,4.75,4.75,1561.0
2023,9,20,17,0,6.54,6.54,1561.0
2023,9,20,18,0,5.4,5.4,1561.0
2023,9,20,19,0,5.17,5.17,1561.0
2023,9,20,20,0,3.2,3.2,1561.0
2023,9,20,21,0,1.32,1.32,1561.0
2023,9,20,22,0,4.3100000000000005,4.3100000000000005,1561.0
2023,9,20,23,0,4.5200000000000005,4.5200000000000005,1561.0
2023,9,21,0,0,5.21,5.21,1561.0
2023,9,21,1,0,7.11,7.11,1561.0
2023,9,21,2,0,6.59,6.59,1561.0
2023,9,21,3,0,6.73,6.73,1561.0
2023,9,21,4,0,8.15,8.15,1561.0
2023,9,21,5,0,7.28,7.28,1561.0
2023,9,21,6,0,4.32,4.32,1561.0
2023,9,21,7,0,3.7,3.7,1561.0
2023,9,21,8,0,2.67,2.67,1561.0
2023,9,21,9,0,0.5700000000000001,0.5700000000000001,570.4607219975871
2023,9,21,10,0,3.14,3.14,1561.0
2023,9,21,11,0,3.04,3.04,1561.0
2023,9,21,12,0,2.88,2.88,1561.0
2023,9,21,13,0,3.8,3.8,1561.0
2023,9,21,14,0,3.3000000000000003,3.3000000000000003,1561.0
2023,9,21,15,0,3.49,3.49,1561.0
2023,9,21,16,0,3.62,3.62,1561.0
2023,9,21,17,0,2.2,2.2,1561.0
2023,9,21,18,0,1.15,1.15,1561.0
2023,9,21,19,0,1.98,1.98,1561.0
2023,9,21,20,0,4.01,4.01,1561.0
2023,9,21,21,0,4.34,4.34,1561.0
2023,9,21,22,0,6.42,6.42,1561.0
2023,9,21,23,0,6.45,6.45,1561.0
2023,9,22,0,0,8.19,8.19,1561.0
2023,9,22,1,0,7.61,7.61,1561.0
2023,9,22,2,0,7.37,7.37,1561.0
2023,9,22,3,0,7.66,7.66,1561.0
2023,9,22,4,0,8.71,8.71,1561.0
2023,9,22,5,0,8.26,8.26,1561.0
2023,9,22,6,0,8.69,8.69,1561.0
2023,9,22,7,0,7.08,7.08,1561.0
2023,9,22,8,0,8.01,8.01,1561.0
2023,9,22,9,0,4.99,4.99,1561.0
2023,9,22,10,0,3.79,3.79,1561.0
2023,9,22,11,0,4.46,4.46,1561.0
2023,9,22,12,0,3.72,3.72,1561.0
2023,9,22,13,0,2.31,2.31,1561.0
2023,9,22,14,0,2.32,2.32,1561.0
2023,9,22,15,0,3.4,3.4,1561.0
2023,9,22,16,0,2.75,2.75,1561.0
2023,9,22,17,0,3.04,3.04,1561.0
2023,9,22,18,0,4.95,4.95,1561.0
2023,9,22,19,0,5.62,5.62,1561.0
2023,9,22,20,0,4.71,4.71,1561.0
2023,9,22,21,0,3.83,3.83,1561.0
2023,9,22,22,0,6.79,6.79,1561.0
2023,9,22,23,0,8.38,8.38,1561.0
2023,9,23,0,0,10.45,10.45,1561.0
2023,9,23,1,0,9.03,9.03,1561.0
2023,9,23,2,0,8.17,8.17,1561.0
2023,9,23,3,0,6.44,6.44,1561.0
2023,9,23,4,0,5.74,5.74,1561.0
2023,9,23,5,0,6.25,6.25,1561.0
2023,9,23,6,0,4.8,4.8,1561.0
2023,9,23,7,0,6.26,6.26,1561.0
2023,9,23,8,0,4.78,4.78,1561.0
2023,9,23,9,0,3.04,3.04,1561.0
2023,9,23,10,0,3.79,3.79,1561.0
2023,9,23,11,0,3.28,3.28,1561.0
2023,9,23,12,0,3.65,3.65,1561.0
2023,9,23,13,0,4.33,4.33,1561.0
2023,9,23,14,0,5.1000000000000005,5.1000000000000005,1561.0
2023,9,23,15,0,5.15,5.15,1561.0
2023,9,23,16,0,5.1000000000000005,5.1000000000000005,1561.0
2023,9,23,17,0,6.0200000000000005,6.0200000000000005,1561.0
2023,9,23,18,0,6.38,6.38,1561.0
2023,9,23,19,0,6.97,6.97,1561.0
2023,9,23,20,0,10.03,10.03,1561.0
2023,9,23,21,0,8.05,8.05,1561.0
2023,9,23,22,0,9.75,9.75,1561.0
2023,9,23,23,0,9.88,9.88,1561.0
2023,9,24,0,0,9.18,9.18,1561.0
2023,9,24,1,0,9.6,9.6,1561.0
2023,9,24,2,0,8.19,8.19,1561.0
2023,9,24,3,0,7.26,7.26,1561.0
2023,9,24,4,0,7.26,7.26,1561.0
2023,9,24,5,0,6.94,6.94,1561.0
2023,9,24,6,0,6.3,6.3,1561.0
2023,9,24,7,0,6.2,6.2,1561.0
2023,9,24,8,0,5.74,5.74,1561.0
2023,9,24,9,0,3.35,3.35,1561.0
2023,9,24,10,0,4.15,4.15,1561.0
2023,9,24,11,0,3.5500000000000003,3.5500000000000003,1561.0
2023,9,24,12,0,3.87,3.87,1561.0
2023,9,24,13,0,3.75,3.75,1561.0
2023,9,24,14,0,2.16,2.16,1561.0
2023,9,24,15,0,1.96,1.96,1561.0
2023,9,24,16,0,3.76,3.76,1561.0
2023,9,24,17,0,3.86,3.86,1561.0
2023,9,24,18,0,3.18,3.18,1561.0
2023,9,24,19,0,2.74,2.74,1561.0
2023,9,24,20,0,2.75,2.75,1561.0
2023,9,24,21,0,2.22,2.22,1561.0
2023,9,24,22,0,3.45,3.45,1561.0
2023,9,24,23,0,4.65,4.65,1561.0
2023,9,25,0,0,7.42,7.42,1561.0
2023,9,25,1,0,6.73,6.73,1561.0
2023,9,25,2,0,6.17,6.17,1561.0
2023,9,25,3,0,5.11,5.11,1561.0
2023,9,25,4,0,4.66,4.66,1561.0
2023,9,25,5,0,3.65,3.65,1561.0
2023,9,25,6,0,4.54,4.54,1561.0
2023,9,25,7,0,5.05,5.05,1561.0
2023,9,25,8,0,4.68,4.68,1561.0
2023,9,25,9,0,3.39,3.39,1561.0
2023,9,25,10,0,3.0500000000000003,3.0500000000000003,1561.0
2023,9,25,11,0,2.36,2.36,1561.0
2023,9,25,12,0,1.73,1.73,1561.0
2023,9,25,13,0,2.14,2.14,1561.0
2023,9,25,14,0,0.9,0.9,1561.0
2023,9,25,15,0,1.67,1.67,1561.0
2023,9,25,16,0,3.0500000000000003,3.0500000000000003,1561.0
2023,9,25,17,0,4.84,4.84,1561.0
2023,9,25,18,0,4.9,4.9,1561.0
2023,9,25,19,0,5.15,5.15,1561.0
2023,9,25,20,0,7.37,7.37,1561.0
2023,9,25,21,0,8.69,8.69,1561.0
2023,9,25,22,0,8.33,8.33,1561.0
2023,9,25,23,0,7.23,7.23,1561.0
2023,9,26,0,0,7.88,7.88,1561.0
2023,9,26,1,0,6.13,6.13,1561.0
2023,9,26,2,0,6.18,6.18,1561.0
2023,9,26,3,0,6.21,6.21,1561.0
2023,9,26,4,0,6.29,6.29,1561.0
2023,9,26,5,0,5.96,5.96,1561.0
2023,9,26,6,0,5.44,5.44,1561.0
2023,9,26,7,0,6.16,6.16,1561.0
2023,9,26,8,0,6.3100000000000005,6.3100000000000005,1561.0
2023,9,26,9,0,4.66,4.66,1561.0
2023,9,26,10,0,4.28,4.28,1561.0
2023,9,26,11,0,2.81,2.81,1561.0
2023,9,26,12,0,1.87,1.87,1561.0
2023,9,26,13,0,2.89,2.89,1561.0
2023,9,26,14,0,2.51,2.51,1561.0
2023,9,26,15,0,4.94,4.94,1561.0
2023,9,26,16,0,6.13,6.13,1561.0
2023,9,26,17,0,8.790000000000001,8.790000000000001,1561.0
2023,9,26,18,0,8.1,8.1,1561.0
2023,9,26,19,0,9.0,9.0,1561.0
2023,9,26,20,0,6.92,6.92,1561.0
2023,9,26,21,0,6.84,6.84,1561.0
2023,9,26,22,0,6.54,6.54,1561.0
2023,9,26,23,0,5.98,5.98,1561.0
2023,9,27,0,0,6.49,6.49,1561.0
2023,9,27,1,0,6.41,6.41,1561.0
2023,9,27,2,0,4.53,4.53,1561.0
2023,9,27,3,0,6.17,6.17,1561.0
2023,9,27,4,0,5.47,5.47,1561.0
2023,9,27,5,0,5.15,5.15,1561.0
2023,9,27,6,0,3.66,3.66,1561.0
2023,9,27,7,0,5.72,5.72,1561.0
2023,9,27,8,0,5.11,5.11,1561.0
2023,9,27,9,0,2.5,2.5,1561.0
2023,9,27,10,0,1.51,1.51,1561.0
2023,9,27,11,0,3.38,3.38,1561.0
2023,9,27,12,0,2.57,2.57,1561.0
2023,9,27,13,0,6.05,6.05,1561.0
2023,9,27,14,0,7.51,7.51,1561.0
2023,9,27,15,0,4.82,4.82,1561.0
2023,9,27,16,0,3.29,3.29,1561.0
2023,9,27,17,0,4.92,4.92,1561.0
2023,9,27,18,0,4.79,4.79,1561.0
2023,9,27,19,0,5.01,5.01,1561.0
2023,9,27,20,0,5.19,5.19,1561.0
2023,9,27,21,0,5.91,5.91,1561.0
2023,9,27,22,0,5.38,5.38,1561.0
2023,9,27,23,0,5.64,5.64,1561.0
2023,9,28,0,0,4.87,4.87,1561.0
2023,9,28,1,0,5.76,5.76,1561.0
2023,9,28,2,0,4.64,4.64,1561.0
2023,9,28,3,0,3.88,3.88,1561.0
2023,9,28,4,0,3.41,3.41,1561.0
2023,9,28,5,0,2.27,2.27,1561.0
2023,9,28,6,0,2.58,2.58,1561.0
2023,9,28,7,0,3.51,3.51,1561.0
2023,9,28,8,0,3.83,3.83,1561.0
2023,9,28,9,0,4.51,4.51,1561.0
2023,9,28,10,0,4.13,4.13,1561.0
2023,9,28,11,0,2.81,2.81,1561.0
2023,9,28,12,0,1.82,1.82,1561.0
2023,9,28,13,0,1.51,1.51,1561.0
2023,9,28,14,0,1.56,1.56,1561.0
2023,9,28,15,0,2.51,2.51,1561.0
2023,9,28,16,0,2.73,2.73,1561.0
2023,9,28,17,0,2.21,2.21,1561.0
2023,9,28,18,0,3.58,3.58,1561.0
2023,9,28,19,0,4.87,4.87,1561.0
2023,9,28,20,0,7.11,7.11,1561.0
2023,9,28,21,0,7.46,7.46,1561.0
2023,9,28,22,0,6.59,6.59,1561.0
2023,9,28,23,0,6.05,6.05,1561.0
2023,9,29,0,0,5.0,5.0,1561.0
2023,9,29,1,0,4.18,4.18,1561.0
2023,9,29,2,0,3.73,3.73,1561.0
2023,9,29,3,0,3.74,3.74,1561.0
2023,9,29,4,0,2.42,2.42,1561.0
2023,9,29,5,0,2.36,2.36,1561.0
2023,9,29,6,0,3.11,3.11,1561.0
2023,9,29,7,0,2.75,2.75,1561.0
2023,9,29,8,0,1.05,1.05,1561.0
2023,9,29,9,0,0.4,0.4,197.14290609172906
2023,9,29,10,0,1.11,1.11,1561.0
2023,9,29,11,0,0.74,0.74,1248.2349527830436
2023,9,29,12,0,1.16,1.16,1561.0
2023,9,29,13,0,1.27,1.27,1561.0
2023,9,29,14,0,2.5,2.5,1561.0
2023,9,29,15,0,2.06,2.06,1561.0
2023,9,29,16,0,2.88,2.88,1561.0
2023,9,29,17,0,3.4,3.4,1561.0
2023,9,29,18,0,5.04,5.04,1561.0
2023,9,29,19,0,6.96,6.96,1561.0
2023,9,29,20,0,7.61,7.61,1561.0
2023,9,29,21,0,6.66,6.66,1561.0
2023,9,29,22,0,6.76,6.76,1561.0
2023,9,29,23,0,6.91,6.91,1561.0
2023,9,30,0,0,5.61,5.61,1561.0
2023,9,30,1,0,5.07,5.07,1561.0
2023,9,30,2,0,5.8500000000000005,5.8500000000000005,1561.0
2023,9,30,3,0,5.68,5.68,1561.0
2023,9,30,4,0,6.5600000000000005,6.5600000000000005,1561.0
2023,9,30,5,0,6.61,6.61,1561.0
2023,9,30,6,0,5.63,5.63,1561.0
2023,9,30,7,0,4.78,4.78,1561.0
2023,9,30,8,0,3.5700000000000003,3.5700000000000003,1561.0
2023,9,30,9,0,2.26,2.26,1561.0
2023,9,30,10,0,1.81,1.81,1561.0
2023,9,30,11,0,1.96,1.96,1561.0
2023,9,30,12,0,2.65,2.65,1561.0
2023,9,30,13,0,3.88,3.88,1561.0
2023,9,30,14,0,4.16,4.16,1561.0
2023,9,30,15,0,3.84,3.84,1561.0
2023,9,30,16,0,3.53,3.53,1561.0
2023,9,30,17,0,3.83,3.83,1561.0
2023,9,30,18,0,4.46,4.46,1561.0
2023,9,30,19,0,5.1000000000000005,5.1000000000000005,1561.0
2023,9,30,20,0,6.3500000000000005,6.3500000000000005,1561.0
2023,9,30,21,0,6.16,6.16,1561.0
2023,9,30,22,0,7.05,7.05,1561.0
2023,9,30,23,0,6.8,6.8,1561.0
2023,10,1,0,0,7.4,7.4,1561.0
2023,10,1,1,0,6.66,6.66,1561.0
2023,10,1,2,0,6.390000000000001,6.390000000000001,1561.0
2023,10,1,3,0,5.62,5.62,1561.0
2023,10,1,4,0,5.53,5.53,1561.0
2023,10,1,5,0,4.73,4.73,1561.0
2023,10,1,6,0,3.42,3.42,1561.0
2023,10,1,7,0,1.05,1.05,1561.0
2023,10,1,8,0,2.13,2.13,1561.0
2023,10,1,9,0,1.95,1.95,1561.0
2023,10,1,10,0,2.0,2.0,1561.0
2023,10,1,11,0,1.18,1.18,1561.0
2023,10,1,12,0,1.29,1.29,1561.0
2023,10,1,13,0,3.0500000000000003,3.0500000000000003,1561.0
2023,10,1,14,0,2.07,2.07,1561.0
2023,10,1,15,0,2.54,2.54,1561.0
2023,10,1,16,0,2.9,2.9,1561.0
2023,10,1,17,0,4.03,4.03,1561.0
2023,10,1,18,0,5.41,5.41,1561.0
2023,10,1,19,0,4.2,4.2,1561.0
2023,10,1,20,0,5.15,5.15,1561.0
2023,10,1,21,0,5.45,5.45,1561.0
2023,10,1,22,0,4.21,4.21,1561.0
2023,10,1,23,0,3.3200000000000003,3.3200000000000003,1561.0
2023,10,2,0,0,3.77,3.77,1561.0
2023,10,2,1,0,4.89,4.89,1561.0
2023,10,2,2,0,4.94,4.94,1561.0
2023,10,2,3,0,4.64,4.64,1561.0
2023,10,2,4,0,4.83,4.83,1561.0
2023,10,2,5,0,2.97,2.97,1561.0
2023,10,2,6,0,2.77,2.77,1561.0
2023,10,2,7,0,2.45,2.45,1561.0
2023,10,2,8,0,3.53,3.53,1561.0
2023,10,2,9,0,3.9,3.9,1561.0
2023,10,2,10,0,1.67,1.67,1561.0
2023,10,2,11,0,0.59,0.59,632.6408267220813
2023,10,2,12,0,0.89,0.89,1561.0
2023,10,2,13,0,0.8200000000000001,0.8200000000000001,1561.0
2023,10,2,14,0,0.27,0.27,60.63068469692973
2023,10,2,15,0,0.74,0.74,1248.2349527830436
2023,10,2,16,0,4.34,4.34,1561.0
2023,10,2,17,0,3.82,3.82,1561.0
2023,10,2,18,0,4.41,4.41,1561.0
2023,10,2,19,0,5.51,5.51,1561.0
2023,10,2,20,0,4.23,4.23,1561.0
2023,10,2,21,0,3.28,3.28,1561.0
2023,10,2,22,0,3.46,3.46,1561.0
2023,10,2,23,0,2.35,2.35,1561.0
2023,10,3,0,0,1.8,1.8,1561.0
2023,10,3,1,0,3.62,3.62,1561.0
2023,10,3,2,0,2.72,2.72,1561.0
2023,10,3,3,0,2.01,2.01,1561.0
2023,10,3,4,0,2.87,2.87,1561.0
2023,10,3,5,0,4.3100000000000005,4.3100000000000005,1561.0
2023,10,3,6,0,2.39,2.39,1561.0
2023,10,3,7,0,2.92,2.92,1561.0
2023,10,3,8,0,4.62,4.62,1561.0
2023,10,3,9,0,3.7,3.7,1561.0
2023,10,3,10,0,2.27,2.27,1561.0
2023,10,3,11,0,3.27,3.27,1561.0
2023,10,3,12,0,3.69,3.69,1561.0
2023,10,3,13,0,3.68,3.68,1561.0
2023,10,3,14,0,4.94,4.94,1561.0
2023,10,3,15,0,5.38,5.38,1561.0
2023,10,3,16,0,6.23,6.23,1561.0
2023,10,3,17,0,6.29,6.29,1561.0
2023,10,3,18,0,5.91,5.91,1561.0
2023,10,3,19,0,6.7,6.7,1561.0
2023,10,3,20,0,6.8500000000000005,6.8500000000000005,1561.0
2023,10,3,21,0,8.48,8.48,1561.0
2023,10,3,22,0,8.86,8.86,1561.0
2023,10,3,23,0,8.08,8.08,1561.0
2023,10,4,0,0,8.88,8.88,1561.0
2023,10,4,1,0,8.4,8.4,1561.0
2023,10,4,2,0,8.52,8.52,1561.0
2023,10,4,3,0,8.59,8.59,1561.0
2023,10,4,4,0,8.0,8.0,1561.0
2023,10,4,5,0,8.99,8.99,1561.0
2023,10,4,6,0,9.03,9.03,1561.0
2023,10,4,7,0,8.55,8.55,1561.0
2023,10,4,8,0,8.08,8.08,1561.0
2023,10,4,9,0,5.5600000000000005,5.5600000000000005,1561.0
2023,10,4,10,0,5.45,5.45,1561.0
2023,10,4,11,0,6.05,6.05,1561.0
2023,10,4,12,0,5.0600000000000005,5.0600000000000005,1561.0
2023,10,4,13,0,8.51,8.51,1561.0
2023,10,4,14,0,9.67,9.67,1561.0
2023,10,4,15,0,8.84,8.84,1561.0
2023,10,4,16,0,8.88,8.88,1561.0
2023,10,4,17,0,9.51,9.51,1561.0
2023,10,4,18,0,8.57,8.57,1561.0
2023,10,4,19,0,6.42,6.42,1561.0
2023,10,4,20,0,5.45,5.45,1561.0
2023,10,4,21,0,5.51,5.51,1561.0
2023,10,4,22,0,8.78,8.78,1561.0
2023,10,4,23,0,10.89,10.89,1561.0
2023,10,5,0,0,10.08,10.08,1561.0
2023,10,5,1,0,11.05,11.05,1561.0
2023,10,5,2,0,9.3,9.3,1561.0
2023,10,5,3,0,9.43,9.43,1561.0
2023,10,5,4,0,8.19,8.19,1561.0
2023,10,5,5,0,7.5,7.5,1561.0
2023,10,5,6,0,6.29,6.29,1561.0
2023,10,5,7,0,7.77,7.77,1561.0
2023,10,5,8,0,7.05,7.05,1561.0
2023,10,5,9,0,7.11,7.11,1561.0
2023,10,5,10,0,6.28,6.28,1561.0
2023,10,5,11,0,7.82,7.82,1561.0
2023,10,5,12,0,8.8,8.8,1561.0
2023,10,5,13,0,11.95,11.95,1561.0
2023,10,5,14,0,13.22,13.22,1561.0
2023,10,5,15,0,6.69,6.69,1561.0
2023,10,5,16,0,4.92,4.92,1561.0
2023,10,5,17,0,6.55,6.55,1561.0
2023,10,5,18,0,6.5200000000000005,6.5200000000000005,1561.0
2023,10,5,19,0,5.53,5.53,1561.0
2023,10,5,20,0,7.27,7.27,1561.0
2023,10,5,21,0,7.68,7.68,1561.0
2023,10,5,22,0,7.54,7.54,1561.0
2023,10,5,23,0,8.03,8.03,1561.0
2023,10,6,0,0,8.61,8.61,1561.0
2023,10,6,1,0,8.24,8.24,1561.0
2023,10,6,2,0,7.63,7.63,1561.0
2023,10,6,3,0,9.75,9.75,1561.0
2023,10,6,4,0,8.44,8.44,1561.0
2023,10,6,5,0,7.13,7.13,1561.0
2023,10,6,6,0,8.71,8.71,1561.0
2023,10,6,7,0,9.41,9.41,1561.0
2023,10,6,8,0,7.68,7.68,1561.0
2023,10,6,9,0,5.0,5.0,1561.0
2023,10,6,10,0,5.0,5.0,1561.0
2023,10,6,11,0,5.83,5.83,1561.0
2023,10,6,12,0,7.76,7.76,1561.0
2023,10,6,13,0,8.45,8.45,1561.0
2023,10,6,14,0,8.620000000000001,8.620000000000001,1561.0
2023,10,6,15,0,9.68,9.68,1561.0
2023,10,6,16,0,15.73,15.73,1561.0
2023,10,6,17,0,11.88,11.88,1561.0
2023,10,6,18,0,10.7,10.7,1561.0
2023,10,6,19,0,7.33,7.33,1561.0
2023,10,6,20,0,9.35,9.35,1561.0
2023,10,6,21,0,6.61,6.61,1561.0
2023,10,6,22,0,10.29,10.29,1561.0
2023,10,6,23,0,10.8,10.8,1561.0
2023,10,7,0,0,8.540000000000001,8.540000000000001,1561.0
2023,10,7,1,0,8.23,8.23,1561.0
2023,10,7,2,0,9.86,9.86,1561.0
2023,10,7,3,0,10.03,10.03,1561.0
2023,10,7,4,0,9.71,9.71,1561.0
2023,10,7,5,0,10.03,10.03,1561.0
2023,10,7,6,0,10.68,10.68,1561.0
2023,10,7,7,0,10.78,10.78,1561.0
2023,10,7,8,0,9.54,9.54,1561.0
2023,10,7,9,0,8.88,8.88,1561.0
2023,10,7,10,0,8.97,8.97,1561.0
2023,10,7,11,0,9.04,9.04,1561.0
2023,10,7,12,0,9.5,9.5,1561.0
2023,10,7,13,0,9.58,9.58,1561.0
2023,10,7,14,0,8.71,8.71,1561.0
2023,10,7,15,0,9.29,9.29,1561.0
2023,10,7,16,0,9.48,9.48,1561.0
2023,10,7,17,0,9.48,9.48,1561.0
2023,10,7,18,0,8.84,8.84,1561.0
2023,10,7,19,0,8.38,8.38,1561.0
2023,10,7,20,0,10.62,10.62,1561.0
2023,10,7,21,0,9.04,9.04,1561.0
2023,10,7,22,0,9.08,9.08,1561.0
2023,10,7,23,0,8.22,8.22,1561.0
2023,10,8,0,0,8.33,8.33,1561.0
2023,10,8,1,0,8.18,8.18,1561.0
2023,10,8,2,0,9.94,9.94,1561.0
2023,10,8,3,0,9.47,9.47,1561.0
2023,10,8,4,0,9.36,9.36,1561.0
2023,10,8,5,0,9.11,9.11,1561.0
2023,10,8,6,0,8.290000000000001,8.290000000000001,1561.0
2023,10,8,7,0,6.92,6.92,1561.0
2023,10,8,8,0,9.78,9.78,1561.0
2023,10,8,9,0,7.79,7.79,1561.0
2023,10,8,10,0,9.58,9.58,1561.0
2023,10,8,11,0,8.870000000000001,8.870000000000001,1561.0
2023,10,8,12,0,9.11,9.11,1561.0
2023,10,8,13,0,8.13,8.13,1561.0
2023,10,8,14,0,7.55,7.55,1561.0
2023,10,8,15,0,6.86,6.86,1561.0
2023,10,8,16,0,6.3100000000000005,6.3100000000000005,1561.0
2023,10,8,17,0,4.78,4.78,1561.0
2023,10,8,18,0,3.5500000000000003,3.5500000000000003,1561.0
2023,10,8,19,0,2.26,2.26,1561.0
2023,10,8,20,0,2.64,2.64,1561.0
2023,10,8,21,0,3.13,3.13,1561.0
2023,10,8,22,0,2.65,2.65,1561.0
2023,10,8,23,0,0.87,0.87,1561.0
2023,10,9,0,0,2.32,2.32,1561.0
2023,10,9,1,0,2.44,2.44,1561.0
2023,10,9,2,0,1.18,1.18,1561.0
2023,10,9,3,0,1.53,1.53,1561.0
2023,10,9,4,0,1.99,1.99,1561.0
2023,10,9,5,0,1.78,1.78,1561.0
2023,10,9,6,0,3.71,3.71,1561.0
2023,10,9,7,0,6.1000000000000005,6.1000000000000005,1561.0
2023,10,9,8,0,6.3,6.3,1561.0
2023,10,9,9,0,6.22,6.22,1561.0
2023,10,9,10,0,5.91,5.91,1561.0
2023,10,9,11,0,6.36,6.36,1561.0
2023,10,9,12,0,6.72,6.72,1561.0
2023,10,9,13,0,7.46,7.46,1561.0
2023,10,9,14,0,6.96,6.96,1561.0
2023,10,9,15,0,7.49,7.49,1561.0
2023,10,9,16,0,7.28,7.28,1561.0
2023,10,9,17,0,6.03,6.03,1561.0
2023,10,9,18,0,4.26,4.26,1561.0
2023,10,9,19,0,5.18,5.18,1561.0
2023,10,9,20,0,6.65,6.65,1561.0
2023,10,9,21,0,7.6,7.6,1561.0
2023,10,9,22,0,6.55,6.55,1561.0
2023,10,9,23,0,7.1000000000000005,7.1000000000000005,1561.0
2023,10,10,0,0,3.78,3.78,1561.0
2023,10,10,1,0,5.39,5.39,1561.0
2023,10,10,2,0,6.94,6.94,1561.0
2023,10,10,3,0,7.24,7.24,1561.0
2023,10,10,4,0,7.12,7.12,1561.0
2023,10,10,5,0,8.69,8.69,1561.0
2023,10,10,6,0,7.25,7.25,1561.0
2023,10,10,7,0,7.37,7.37,1561.0
2023,10,10,8,0,7.87,7.87,1561.0
2023,10,10,9,0,5.94,5.94,1561.0
2023,10,10,10,0,6.49,6.49,1561.0
2023,10,10,11,0,6.0600000000000005,6.0600000000000005,1561.0
2023,10,10,12,0,8.13,8.13,1561.0
2023,10,10,13,0,7.73,7.73,1561.0
2023,10,10,14,0,6.23,6.23,1561.0
2023,10,10,15,0,7.140000000000001,7.140000000000001,1561.0
2023,10,10,16,0,5.87,5.87,1561.0
2023,10,10,17,0,6.32,6.32,1561.0
2023,10,10,18,0,6.42,6.42,1561.0
2023,10,10,19,0,7.28,7.28,1561.0
2023,10,10,20,0,7.92,7.92,1561.0
2023,10,10,21,0,4.45,4.45,1561.0
2023,10,10,22,0,5.62,5.62,1561.0
2023,10,10,23,0,6.13,6.13,1561.0
2023,10,11,0,0,7.33,7.33,1561.0
2023,10,11,1,0,7.0600000000000005,7.0600000000000005,1561.0
2023,10,11,2,0,8.49,8.49,1561.0
2023,10,11,3,0,7.87,7.87,1561.0
2023,10,11,4,0,7.68,7.68,1561.0
2023,10,11,5,0,7.03,7.03,1561.0
2023,10,11,6,0,7.3,7.3,1561.0
2023,10,11,7,0,4.54,4.54,1561.0
2023,10,11,8,0,6.48,6.48,1561.0
2023,10,11,9,0,5.34,5.34,1561.0
2023,10,11,10,0,4.4,4.4,1561.0
2023,10,11,11,0,5.29,5.29,1561.0
2023,10,11,12,0,5.1000000000000005,5.1000000000000005,1561.0
2023,10,11,13,0,4.96,4.96,1561.0
2023,10,11,14,0,6.7,6.7,1561.0
2023,10,11,15,0,5.11,5.11,1561.0
2023,10,11,16,0,4.91,4.91,1561.0
2023,10,11,17,0,3.31,3.31,1561.0
2023,10,11,18,0,2.57,2.57,1561.0
2023,10,11,19,0,3.43,3.43,1561.0
2023,10,11,20,0,5.66,5.66,1561.0
2023,10,11,21,0,5.47,5.47,1561.0
2023,10,11,22,0,6.86,6.86,1561.0
2023,10,11,23,0,6.63,6.63,1561.0
2023,10,12,0,0,7.92,7.92,1561.0
2023,10,12,1,0,8.52,8.52,1561.0
2023,10,12,2,0,7.890000000000001,7.890000000000001,1561.0
2023,10,12,3,0,5.42,5.42,1561.0
2023,10,12,4,0,8.66,8.66,1561.0
2023,10,12,5,0,9.56,9.56,1561.0
2023,10,12,6,0,8.0,8.0,1561.0
2023,10,12,7,0,8.290000000000001,8.290000000000001,1561.0
2023,10,12,8,0,7.96,7.96,1561.0
2023,10,12,9,0,2.1,2.1,1561.0
2023,10,12,10,0,0.65,0.65,845.9432903975169
2023,10,12,11,0,1.95,1.95,1561.0
2023,10,12,12,0,2.49,2.49,1561.0
2023,10,12,13,0,2.48,2.48,1561.0
2023,10,12,14,0,3.4,3.4,1561.0
2023,10,12,15,0,3.18,3.18,1561.0
2023,10,12,16,0,4.82,4.82,1561.0
2023,10,12,17,0,6.04,6.04,1561.0
2023,10,12,18,0,8.0,8.0,1561.0
2023,10,12,19,0,9.62,9.62,1561.0
2023,10,12,20,0,10.01,10.01,1561.0
2023,10,12,21,0,9.58,9.58,1561.0
2023,10,12,22,0,9.26,9.26,1561.0
2023,10,12,23,0,9.82,9.82,1561.0
2023,10,13,0,0,9.5,9.5,1561.0
2023,10,13,1,0,8.94,8.94,1561.0
2023,10,13,2,0,8.38,8.38,1561.0
2023,10,13,3,0,9.56,9.56,1561.0
2023,10,13,4,0,9.74,9.74,1561.0
2023,10,13,5,0,9.2,9.2,1561.0
2023,10,13,6,0,8.49,8.49,1561.0
2023,10,13,7,0,8.88,8.88,1561.0
2023,10,13,8,0,8.38,8.38,1561.0
2023,10,13,9,0,8.39,8.39,1561.0
2023,10,13,10,0,7.57,7.57,1561.0
2023,10,13,11,0,7.0600000000000005,7.0600000000000005,1561.0
2023,10,13,12,0,7.61,7.61,1561.0
2023,10,13,13,0,5.95,5.95,1561.0
2023,10,13,14,0,8.35,8.35,1561.0
2023,10,13,15,0,9.24,9.24,1561.0
2023,10,13,16,0,7.99,7.99,1561.0
2023,10,13,17,0,10.19,10.19,1561.0
2023,10,13,18,0,6.640000000000001,6.640000000000001,1561.0
2023,10,13,19,0,6.48,6.48,1561.0
2023,10,13,20,0,9.95,9.95,1561.0
2023,10,13,21,0,7.97,7.97,1561.0
2023,10,13,22,0,5.26,5.26,1561.0
2023,10,13,23,0,4.83,4.83,1561.0
2023,10,14,0,0,3.38,3.38,1561.0
2023,10,14,1,0,1.81,1.81,1561.0
2023,10,14,2,0,3.3200000000000003,3.3200000000000003,1561.0
2023,10,14,3,0,6.94,6.94,1561.0
2023,10,14,4,0,5.88,5.88,1561.0
2023,10,14,5,0,5.8,5.8,1561.0
2023,10,14,6,0,5.62,5.62,1561.0
2023,10,14,7,0,6.07,6.07,1561.0
2023,10,14,8,0,5.91,5.91,1561.0
2023,10,14,9,0,6.1000000000000005,6.1000000000000005,1561.0
2023,10,14,10,0,6.76,6.76,1561.0
2023,10,14,11,0,6.26,6.26,1561.0
2023,10,14,12,0,5.66,5.66,1561.0
2023,10,14,13,0,5.38,5.38,1561.0
2023,10,14,14,0,9.0,9.0,1561.0
2023,10,14,15,0,9.77,9.77,1561.0
2023,10,14,16,0,10.35,10.35,1561.0
2023,10,14,17,0,11.03,11.03,1561.0
2023,10,14,18,0,9.47,9.47,1561.0
2023,10,14,19,0,10.14,10.14,1561.0
2023,10,14,20,0,9.2,9.2,1561.0
2023,10,14,21,0,11.05,11.05,1561.0
2023,10,14,22,0,10.69,10.69,1561.0
2023,10,14,23,0,10.68,10.68,1561.0
2023,10,15,0,0,9.47,9.47,1561.0
2023,10,15,1,0,10.14,10.14,1561.0
2023,10,15,2,0,10.03,10.03,1561.0
2023,10,15,3,0,9.02,9.02,1561.0
2023,10,15,4,0,9.05,9.05,1561.0
2023,10,15,5,0,8.89,8.89,1561.0
2023,10,15,6,0,9.92,9.92,1561.0
2023,10,15,7,0,8.05,8.05,1561.0
2023,10,15,8,0,7.53,7.53,1561.0
2023,10,15,9,0,7.4,7.4,1561.0
2023,10,15,10,0,6.69,6.69,1561.0
2023,10,15,11,0,5.72,5.72,1561.0
2023,10,15,12,0,6.7700000000000005,6.7700000000000005,1561.0
2023,10,15,13,0,6.44,6.44,1561.0
2023,10,15,14,0,6.11,6.11,1561.0
2023,10,15,15,0,6.3100000000000005,6.3100000000000005,1561.0
2023,10,15,16,0,7.3,7.3,1561.0
2023,10,15,17,0,5.62,5.62,1561.0
2023,10,15,18,0,7.78,7.78,1561.0
2023,10,15,19,0,7.77,7.77,1561.0
2023,10,15,20,0,7.69,7.69,1561.0
2023,10,15,21,0,10.73,10.73,1561.0
2023,10,15,22,0,9.8,9.8,1561.0
2023,10,15,23,0,10.21,10.21,1561.0
2023,10,16,0,0,10.53,10.53,1561.0
2023,10,16,1,0,8.69,8.69,1561.0
2023,10,16,2,0,9.35,9.35,1561.0
2023,10,16,3,0,6.97,6.97,1561.0
2023,10,16,4,0,7.33,7.33,1561.0
2023,10,16,5,0,7.17,7.17,1561.0
2023,10,16,6,0,7.79,7.79,1561.0
2023,10,16,7,0,6.890000000000001,6.890000000000001,1561.0
2023,10,16,8,0,5.82,5.82,1561.0
2023,10,16,9,0,6.68,6.68,1561.0
2023,10,16,10,0,5.8100000000000005,5.8100000000000005,1561.0
2023,10,16,11,0,6.57,6.57,1561.0
2023,10,16,12,0,6.74,6.74,1561.0
2023,10,16,13,0,6.5600000000000005,6.5600000000000005,1561.0
2023,10,16,14,0,6.11,6.11,1561.0
2023,10,16,15,0,6.19,6.19,1561.0
2023,10,16,16,0,6.68,6.68,1561.0
2023,10,16,17,0,6.23,6.23,1561.0
2023,10,16,18,0,5.3,5.3,1561.0
2023,10,16,19,0,4.7,4.7,1561.0
2023,10,16,20,0,6.26,6.26,1561.0
2023,10,16,21,0,5.19,5.19,1561.0
2023,10,16,22,0,4.95,4.95,1561.0
2023,10,16,23,0,5.26,5.26,1561.0
2023,10,17,0,0,5.19,5.19,1561.0
2023,10,17,1,0,4.51,4.51,1561.0
2023,10,17,2,0,4.89,4.89,1561.0
2023,10,17,3,0,3.15,3.15,1561.0
2023,10,17,4,0,3.81,3.81,1561.0
2023,10,17,5,0,0.59,0.59,632.6408267220813
2023,10,17,6,0,1.77,1.77,1561.0
2023,10,17,7,0,2.44,2.44,1561.0
2023,10,17,8,0,3.91,3.91,1561.0
2023,10,17,9,0,3.65,3.65,1561.0
2023,10,17,10,0,4.65,4.65,1561.0
2023,10,17,11,0,3.29,3.29,1561.0
2023,10,17,12,0,3.39,3.39,1561.0
2023,10,17,13,0,4.53,4.53,1561.0
2023,10,17,14,0,5.69,5.69,1561.0
2023,10,17,15,0,4.73,4.73,1561.0
2023,10,17,16,0,5.18,5.18,1561.0
2023,10,17,17,0,4.58,4.58,1561.0
2023,10,17,18,0,5.55,5.55,1561.0
2023,10,17,19,0,4.19,4.19,1561.0
2023,10,17,20,0,5.34,5.34,1561.0
2023,10,17,21,0,7.03,7.03,1561.0
2023,10,17,22,0,7.51,7.51,1561.0
2023,10,17,23,0,8.69,8.69,1561.0
2023,10,18,0,0,9.56,9.56,1561.0
2023,10,18,1,0,8.790000000000001,8.790000000000001,1561.0
2023,10,18,2,0,9.07,9.07,1561.0
2023,10,18,3,0,8.64,8.64,1561.0
2023,10,18,4,0,9.34,9.34,1561.0
2023,10,18,5,0,9.53,9.53,1561.0
2023,10,18,6,0,8.69,8.69,1561.0
2023,10,18,7,0,8.870000000000001,8.870000000000001,1561.0
2023,10,18,8,0,9.31,9.31,1561.0
2023,10,18,9,0,9.08,9.08,1561.0
2023,10,18,10,0,8.09,8.09,1561.0
2023,10,18,11,0,9.02,9.02,1561.0
2023,10,18,12,0,9.94,9.94,1561.0
2023,10,18,13,0,10.35,10.35,1561.0
2023,10,18,14,0,10.58,10.58,1561.0
2023,10,18,15,0,9.4,9.4,1561.0
2023,10,18,16,0,8.870000000000001,8.870000000000001,1561.0
2023,10,18,17,0,9.17,9.17,1561.0
2023,10,18,18,0,9.35,9.35,1561.0
2023,10,18,19,0,10.48,10.48,1561.0
2023,10,18,20,0,10.45,10.45,1561.0
2023,10,18,21,0,10.14,10.14,1561.0
2023,10,18,22,0,10.26,10.26,1561.0
2023,10,18,23,0,10.73,10.73,1561.0
2023,10,19,0,0,11.08,11.08,1561.0
2023,10,19,1,0,11.27,11.27,1561.0
2023,10,19,2,0,9.94,9.94,1561.0
2023,10,19,3,0,9.06,9.06,1561.0
2023,10,19,4,0,8.790000000000001,8.790000000000001,1561.0
2023,10,19,5,0,9.08,9.08,1561.0
2023,10,19,6,0,9.69,9.69,1561.0
2023,10,19,7,0,9.28,9.28,1561.0
2023,10,19,8,0,9.31,9.31,1561.0
2023,10,19,9,0,8.85,8.85,1561.0
2023,10,19,10,0,9.48,9.48,1561.0
2023,10,19,11,0,8.59,8.59,1561.0
2023,10,19,12,0,8.66,8.66,1561.0
2023,10,19,13,0,9.09,9.09,1561.0
2023,10,19,14,0,9.53,9.53,1561.0
2023,10,19,15,0,8.48,8.48,1561.0
2023,10,19,16,0,9.54,9.54,1561.0
2023,10,19,17,0,8.49,8.49,1561.0
2023,10,19,18,0,8.24,8.24,1561.0
2023,10,19,19,0,7.46,7.46,1561.0
2023,10,19,20,0,9.46,9.46,1561.0
2023,10,19,21,0,8.9,8.9,1561.0
2023,10,19,22,0,8.61,8.61,1561.0
2023,10,19,23,0,9.16,9.16,1561.0
2023,10,20,0,0,8.02,8.02,1561.0
2023,10,20,1,0,8.14,8.14,1561.0
2023,10,20,2,0,8.84,8.84,1561.0
2023,10,20,3,0,7.28,7.28,1561.0
2023,10,20,4,0,7.55,7.55,1561.0
2023,10,20,5,0,8.19,8.19,1561.0
2023,10,20,6,0,6.75,6.75,1561.0
2023,10,20,7,0,7.04,7.04,1561.0
2023,10,20,8,0,7.47,7.47,1561.0
2023,10,20,9,0,7.86,7.86,1561.0
2023,10,20,10,0,8.89,8.89,1561.0
2023,10,20,11,0,9.2,9.2,1561.0
2023,10,20,12,0,9.57,9.57,1561.0
2023,10,20,13,0,10.13,10.13,1561.0
2023,10,20,14,0,10.67,10.67,1561.0
2023,10,20,15,0,10.29,10.29,1561.0
2023,10,20,16,0,9.69,9.69,1561.0
2023,10,20,17,0,7.28,7.28,1561.0
2023,10,20,18,0,6.92,6.92,1561.0
2023,10,20,19,0,6.69,6.69,1561.0
2023,10,20,20,0,6.33,6.33,1561.0
2023,10,20,21,0,3.48,3.48,1561.0
2023,10,20,22,0,3.6,3.6,1561.0
2023,10,20,23,0,4.55,4.55,1561.0
2023,10,21,0,0,6.0,6.0,1561.0
2023,10,21,1,0,6.140000000000001,6.140000000000001,1561.0
2023,10,21,2,0,6.33,6.33,1561.0
2023,10,21,3,0,5.6000000000000005,5.6000000000000005,1561.0
2023,10,21,4,0,7.38,7.38,1561.0
2023,10,21,5,0,6.65,6.65,1561.0
2023,10,21,6,0,5.26,5.26,1561.0
2023,10,21,7,0,5.8100000000000005,5.8100000000000005,1561.0
2023,10,21,8,0,5.87,5.87,1561.0
2023,10,21,9,0,6.3500000000000005,6.3500000000000005,1561.0
2023,10,21,10,0,6.23,6.23,1561.0
2023,10,21,11,0,7.19,7.19,1561.0
2023,10,21,12,0,7.67,7.67,1561.0
2023,10,21,13,0,9.22,9.22,1561.0
2023,10,21,14,0,11.22,11.22,1561.0
2023,10,21,15,0,12.08,12.08,1561.0
2023,10,21,16,0,12.15,12.15,1561.0
2023,10,21,17,0,13.19,13.19,1561.0
2023,10,21,18,0,11.9,11.9,1561.0
2023,10,21,19,0,12.69,12.69,1561.0
2023,10,21,20,0,12.5,12.5,1561.0
2023,10,21,21,0,9.61,9.61,1561.0
2023,10,21,22,0,11.11,11.11,1561.0
2023,10,21,23,0,10.28,10.28,1561.0
2023,10,22,0,0,10.18,10.18,1561.0
2023,10,22,1,0,9.65,9.65,1561.0
2023,10,22,2,0,7.390000000000001,7.390000000000001,1561.0
2023,10,22,3,0,6.41,6.41,1561.0
2023,10,22,4,0,5.97,5.97,1561.0
2023,10,22,5,0,6.42,6.42,1561.0
2023,10,22,6,0,5.11,5.11,1561.0
2023,10,22,7,0,4.91,4.91,1561.0
2023,10,22,8,0,4.39,4.39,1561.0
2023,10,22,9,0,3.82,3.82,1561.0
2023,10,22,10,0,3.53,3.53,1561.0
2023,10,22,11,0,3.59,3.59,1561.0
2023,10,22,12,0,4.03,4.03,1561.0
2023,10,22,13,0,2.87,2.87,1561.0
2023,10,22,14,0,3.77,3.77,1561.0
2023,10,22,15,0,3.6,3.6,1561.0
2023,10,22,16,0,3.7,3.7,1561.0
2023,10,22,17,0,2.94,2.94,1561.0
2023,10,22,18,0,3.29,3.29,1561.0
2023,10,22,19,0,4.24,4.24,1561.0
2023,10,22,20,0,3.96,3.96,1561.0
2023,10,22,21,0,2.41,2.41,1561.0
2023,10,22,22,0,2.26,2.26,1561.0
2023,10,22,23,0,2.9,2.9,1561.0
2023,10,23,0,0,4.04,4.04,1561.0
2023,10,23,1,0,4.71,4.71,1561.0
2023,10,23,2,0,5.73,5.73,1561.0
2023,10,23,3,0,7.03,7.03,1561.0
2023,10,23,4,0,6.41,6.41,1561.0
2023,10,23,5,0,5.59,5.59,1561.0
2023,10,23,6,0,6.91,6.91,1561.0
2023,10,23,7,0,7.8,7.8,1561.0
2023,10,23,8,0,6.93,6.93,1561.0
2023,10,23,9,0,5.55,5.55,1561.0
2023,10,23,10,0,4.8,4.8,1561.0
2023,10,23,11,0,6.07,6.07,1561.0
2023,10,23,12,0,6.5600000000000005,6.5600000000000005,1561.0
2023,10,23,13,0,6.5600000000000005,6.5600000000000005,1561.0
2023,10,23,14,0,6.8100000000000005,6.8100000000000005,1561.0
2023,10,23,15,0,7.26,7.26,1561.0
2023,10,23,16,0,8.120000000000001,8.120000000000001,1561.0
2023,10,23,17,0,7.75,7.75,1561.0
2023,10,23,18,0,9.58,9.58,1561.0
2023,10,23,19,0,10.52,10.52,1561.0
2023,10,23,20,0,11.48,11.48,1561.0
2023,10,23,21,0,11.11,11.11,1561.0
2023,10,23,22,0,11.18,11.18,1561.0
2023,10,23,23,0,11.07,11.07,1561.0
2023,10,24,0,0,10.78,10.78,1561.0
2023,10,24,1,0,10.48,10.48,1561.0
2023,10,24,2,0,10.63,10.63,1561.0
2023,10,24,3,0,10.41,10.41,1561.0
2023,10,24,4,0,10.66,10.66,1561.0
2023,10,24,5,0,10.36,10.36,1561.0
2023,10,24,6,0,9.91,9.91,1561.0
2023,10,24,7,0,9.77,9.77,1561.0
2023,10,24,8,0,10.49,10.49,1561.0
2023,10,24,9,0,8.25,8.25,1561.0
2023,10,24,10,0,7.57,7.57,1561.0
2023,10,24,11,0,7.32,7.32,1561.0
2023,10,24,12,0,8.41,8.41,1561.0
2023,10,24,13,0,8.42,8.42,1561.0
2023,10,24,14,0,8.83,8.83,1561.0
2023,10,24,15,0,8.81,8.81,1561.0
2023,10,24,16,0,10.14,10.14,1561.0
2023,10,24,17,0,8.63,8.63,1561.0
2023,10,24,18,0,9.81,9.81,1561.0
2023,10,24,19,0,9.28,9.28,1561.0
2023,10,24,20,0,9.87,9.87,1561.0
2023,10,24,21,0,9.0,9.0,1561.0
2023,10,24,22,0,9.35,9.35,1561.0
2023,10,24,23,0,8.63,8.63,1561.0
2023,10,25,0,0,10.69,10.69,1561.0
2023,10,25,1,0,10.57,10.57,1561.0
2023,10,25,2,0,8.16,8.16,1561.0
2023,10,25,3,0,9.26,9.26,1561.0
2023,10,25,4,0,9.19,9.19,1561.0
2023,10,25,5,0,10.66,10.66,1561.0
2023,10,25,6,0,8.52,8.52,1561.0
2023,10,25,7,0,6.890000000000001,6.890000000000001,1561.0
2023,10,25,8,0,9.69,9.69,1561.0
2023,10,25,9,0,4.88,4.88,1561.0
2023,10,25,10,0,6.08,6.08,1561.0
2023,10,25,11,0,9.71,9.71,1561.0
2023,10,25,12,0,10.26,10.26,1561.0
2023,10,25,13,0,7.69,7.69,1561.0
2023,10,25,14,0,8.6,8.6,1561.0
2023,10,25,15,0,8.51,8.51,1561.0
2023,10,25,16,0,8.17,8.17,1561.0
2023,10,25,17,0,7.75,7.75,1561.0
2023,10,25,18,0,8.32,8.32,1561.0
2023,10,25,19,0,7.26,7.26,1561.0
2023,10,25,20,0,6.97,6.97,1561.0
2023,10,25,21,0,7.29,7.29,1561.0
2023,10,25,22,0,7.0200000000000005,7.0200000000000005,1561.0
2023,10,25,23,0,8.57,8.57,1561.0
2023,10,26,0,0,10.53,10.53,1561.0
2023,10,26,1,0,11.07,11.07,1561.0
2023,10,26,2,0,9.93,9.93,1561.0
2023,10,26,3,0,10.4,10.4,1561.0
2023,10,26,4,0,10.84,10.84,1561.0
2023,10,26,5,0,10.53,10.53,1561.0
2023,10,26,6,0,9.9,9.9,1561.0
2023,10,26,7,0,10.47,10.47,1561.0
2023,10,26,8,0,10.76,10.76,1561.0
2023,10,26,9,0,10.3,10.3,1561.0
2023,10,26,10,0,10.55,10.55,1561.0
2023,10,26,11,0,10.28,10.28,1561.0
2023,10,26,12,0,11.32,11.32,1561.0
2023,10,26,13,0,10.05,10.05,1561.0
2023,10,26,14,0,10.93,10.93,1561.0
2023,10,26,15,0,10.96,10.96,1561.0
2023,10,26,16,0,9.3,9.3,1561.0
2023,10,26,17,0,7.75,7.75,1561.0
2023,10,26,18,0,8.8,8.8,1561.0
2023,10,26,19,0,6.43,6.43,1561.0
2023,10,26,20,0,5.7700000000000005,5.7700000000000005,1561.0
2023,10,26,21,0,9.71,9.71,1561.0
2023,10,26,22,0,11.1,11.1,1561.0
2023,10,26,23,0,11.68,11.68,1561.0
2023,10,27,0,0,10.23,10.23,1561.0
2023,10,27,1,0,9.71,9.71,1561.0
2023,10,27,2,0,11.16,11.16,1561.0
2023,10,27,3,0,10.77,10.77,1561.0
2023,10,27,4,0,10.82,10.82,1561.0
2023,10,27,5,0,10.8,10.8,1561.0
2023,10,27,6,0,8.56,8.56,1561.0
2023,10,27,7,0,7.72,7.72,1561.0
2023,10,27,8,0,9.67,9.67,1561.0
2023,10,27,9,0,9.25,9.25,1561.0
2023,10,27,10,0,9.69,9.69,1561.0
2023,10,27,11,0,8.73,8.73,1561.0
2023,10,27,12,0,8.36,8.36,1561.0
2023,10,27,13,0,9.6,9.6,1561.0
2023,10,27,14,0,8.4,8.4,1561.0
2023,10,27,15,0,8.84,8.84,1561.0
2023,10,27,16,0,8.0,8.0,1561.0
2023,10,27,17,0,9.14,9.14,1561.0
2023,10,27,18,0,7.78,7.78,1561.0
2023,10,27,19,0,7.85,7.85,1561.0
2023,10,27,20,0,6.98,6.98,1561.0
2023,10,27,21,0,9.58,9.58,1561.0
2023,10,27,22,0,6.890000000000001,6.890000000000001,1561.0
2023,10,27,23,0,7.86,7.86,1561.0
2023,10,28,0,0,7.0600000000000005,7.0600000000000005,1561.0
2023,10,28,1,0,6.62,6.62,1561.0
2023,10,28,2,0,7.72,7.72,1561.0
2023,10,28,3,0,8.22,8.22,1561.0
2023,10,28,4,0,6.41,6.41,1561.0
2023,10,28,5,0,5.99,5.99,1561.0
2023,10,28,6,0,6.09,6.09,1561.0
2023,10,28,7,0,6.3500000000000005,6.3500000000000005,1561.0
2023,10,28,8,0,6.17,6.17,1561.0
2023,10,28,9,0,6.5600000000000005,6.5600000000000005,1561.0
2023,10,28,10,0,6.19,6.19,1561.0
2023,10,28,11,0,5.9,5.9,1561.0
2023,10,28,12,0,4.3500000000000005,4.3500000000000005,1561.0
2023,10,28,13,0,4.8100000000000005,4.8100000000000005,1561.0
2023,10,28,14,0,4.39,4.39,1561.0
2023,10,28,15,0,3.6,3.6,1561.0
2023,10,28,16,0,4.48,4.48,1561.0
2023,10,28,17,0,4.2,4.2,1561.0
2023,10,28,18,0,4.11,4.11,1561.0
2023,10,28,19,0,5.12,5.12,1561.0
2023,10,28,20,0,6.11,6.11,1561.0
2023,10,28,21,0,6.5600000000000005,6.5600000000000005,1561.0
2023,10,28,22,0,7.49,7.49,1561.0
2023,10,28,23,0,6.95,6.95,1561.0
2023,10,29,0,0,6.9,6.9,1561.0
2023,10,29,1,0,5.94,5.94,1561.0
2023,10,29,2,0,6.37,6.37,1561.0
2023,10,29,3,0,5.88,5.88,1561.0
2023,10,29,4,0,6.74,6.74,1561.0
2023,10,29,5,0,6.49,6.49,1561.0
2023,10,29,6,0,5.82,5.82,1561.0
2023,10,29,7,0,5.66,5.66,1561.0
2023,10,29,8,0,5.94,5.94,1561.0
2023,10,29,9,0,5.33,5.33,1561.0
2023,10,29,10,0,5.8500000000000005,5.8500000000000005,1561.0
2023,10,29,11,0,3.27,3.27,1561.0
2023,10,29,12,0,4.74,4.74,1561.0
2023,10,29,13,0,4.17,4.17,1561.0
2023,10,29,14,0,4.09,4.09,1561.0
2023,10,29,15,0,3.62,3.62,1561.0
2023,10,29,16,0,4.63,4.63,1561.0
2023,10,29,17,0,4.64,4.64,1561.0
2023,10,29,18,0,6.18,6.18,1561.0
2023,10,29,19,0,7.91,7.91,1561.0
2023,10,29,20,0,7.41,7.41,1561.0
2023,10,29,21,0,7.31,7.31,1561.0
2023,10,29,22,0,5.8500000000000005,5.8500000000000005,1561.0
2023,10,29,23,0,7.98,7.98,1561.0
2023,10,30,0,0,6.49,6.49,1561.0
2023,10,30,1,0,9.5,9.5,1561.0
2023,10,30,2,0,6.69,6.69,1561.0
2023,10,30,3,0,9.7,9.7,1561.0
2023,10,30,4,0,8.97,8.97,1561.0
2023,10,30,5,0,8.88,8.88,1561.0
2023,10,30,6,0,10.56,10.56,1561.0
2023,10,30,7,0,9.53,9.53,1561.0
2023,10,30,8,0,9.63,9.63,1561.0
2023,10,30,9,0,9.91,9.91,1561.0
2023,10,30,10,0,9.43,9.43,1561.0
2023,10,30,11,0,8.74,8.74,1561.0
2023,10,30,12,0,7.97,7.97,1561.0
2023,10,30,13,0,8.5,8.5,1561.0
2023,10,30,14,0,8.36,8.36,1561.0
2023,10,30,15,0,7.640000000000001,7.640000000000001,1561.0
2023,10,30,16,0,6.88,6.88,1561.0
2023,10,30,17,0,6.2700000000000005,6.2700000000000005,1561.0
2023,10,30,18,0,6.640000000000001,6.640000000000001,1561.0
2023,10,30,19,0,8.24,8.24,1561.0
2023,10,30,20,0,8.07,8.07,1561.0
2023,10,30,21,0,6.69,6.69,1561.0
2023,10,30,22,0,6.390000000000001,6.390000000000001,1561.0
2023,10,30,23,0,7.48,7.48,1561.0
2023,10,31,0,0,6.51,6.51,1561.0
2023,10,31,1,0,4.64,4.64,1561.0
2023,10,31,2,0,3.41,3.41,1561.0
2023,10,31,3,0,4.47,4.47,1561.0
2023,10,31,4,0,4.92,4.92,1561.0
2023,10,31,5,0,5.3100000000000005,5.3100000000000005,1561.0
2023,10,31,6,0,5.96,5.96,1561.0
2023,10,31,7,0,6.54,6.54,1561.0
2023,10,31,8,0,6.5600000000000005,6.5600000000000005,1561.0
2023,10,31,9,0,6.37,6.37,1561.0
2023,10,31,10,0,7.52,7.52,1561.0
2023,10,31,11,0,10.06,10.06,1561.0
2023,10,31,12,0,10.07,10.07,1561.0
2023,10,31,13,0,9.9,9.9,1561.0
2023,10,31,14,0,11.51,11.51,1561.0
2023,10,31,15,0,10.96,10.96,1561.0
2023,10,31,16,0,11.32,11.32,1561.0
2023,10,31,17,0,10.91,10.91,1561.0
2023,10,31,18,0,10.05,10.05,1561.0
2023,10,31,19,0,9.8,9.8,1561.0
2023,10,31,20,0,10.22,10.22,1561.0
2023,10,31,21,0,9.26,9.26,1561.0
2023,10,31,22,0,8.68,8.68,1561.0
2023,10,31,23,0,8.36,8.36,1561.0
2023,11,1,0,0,8.25,8.25,1561.0
2023,11,1,1,0,7.36,7.36,1561.0
2023,11,1,2,0,7.79,7.79,1561.0
2023,11,1,3,0,6.96,6.96,1561.0
2023,11,1,4,0,6.67,6.67,1561.0
2023,11,1,5,0,5.8,5.8,1561.0
2023,11,1,6,0,5.63,5.63,1561.0
2023,11,1,7,0,3.91,3.91,1561.0
2023,11,1,8,0,2.65,2.65,1561.0
2023,11,1,9,0,2.11,2.11,1561.0
2023,11,1,10,0,2.67,2.67,1561.0
2023,11,1,11,0,2.49,2.49,1561.0
2023,11,1,12,0,3.6,3.6,1561.0
2023,11,1,13,0,3.65,3.65,1561.0
2023,11,1,14,0,4.12,4.12,1561.0
2023,11,1,15,0,4.62,4.62,1561.0
2023,11,1,16,0,5.12,5.12,1561.0
2023,11,1,17,0,5.08,5.08,1561.0
2023,11,1,18,0,3.87,3.87,1561.0
2023,11,1,19,0,6.3100000000000005,6.3100000000000005,1561.0
2023,11,1,20,0,6.5200000000000005,6.5200000000000005,1561.0
2023,11,1,21,0,6.96,6.96,1561.0
2023,11,1,22,0,7.72,7.72,1561.0
2023,11,1,23,0,7.77,7.77,1561.0
2023,11,2,0,0,7.79,7.79,1561.0
2023,11,2,1,0,8.2,8.2,1561.0
2023,11,2,2,0,8.26,8.26,1561.0
2023,11,2,3,0,9.09,9.09,1561.0
2023,11,2,4,0,9.65,9.65,1561.0
2023,11,2,5,0,9.56,9.56,1561.0
2023,11,2,6,0,9.45,9.45,1561.0
2023,11,2,7,0,9.5,9.5,1561.0
2023,11,2,8,0,9.35,9.35,1561.0
2023,11,2,9,0,9.21,9.21,1561.0
2023,11,2,10,0,8.040000000000001,8.040000000000001,1561.0
2023,11,2,11,0,8.71,8.71,1561.0
2023,11,2,12,0,10.17,10.17,1561.0
2023,11,2,13,0,10.71,10.71,1561.0
2023,11,2,14,0,10.72,10.72,1561.0
2023,11,2,15,0,10.17,10.17,1561.0
2023,11,2,16,0,9.84,9.84,1561.0
2023,11,2,17,0,8.88,8.88,1561.0
2023,11,2,18,0,9.5,9.5,1561.0
2023,11,2,19,0,10.85,10.85,1561.0
2023,11,2,20,0,11.39,11.39,1561.0
2023,11,2,21,0,11.27,11.27,1561.0
2023,11,2,22,0,12.18,12.18,1561.0
2023,11,2,23,0,11.84,11.84,1561.0
2023,11,3,0,0,12.32,12.32,1561.0
2023,11,3,1,0,12.42,12.42,1561.0
2023,11,3,2,0,12.43,12.43,1561.0
2023,11,3,3,0,12.39,12.39,1561.0
2023,11,3,4,0,12.0,12.0,1561.0
2023,11,3,5,0,11.52,11.52,1561.0
2023,11,3,6,0,11.07,11.07,1561.0
2023,11,3,7,0,11.18,11.18,1561.0
2023,11,3,8,0,10.61,10.61,1561.0
2023,11,3,9,0,10.39,10.39,1561.0
2023,11,3,10,0,10.78,10.78,1561.0
2023,11,3,11,0,11.47,11.47,1561.0
2023,11,3,12,0,12.49,12.49,1561.0
2023,11,3,13,0,12.39,12.39,1561.0
2023,11,3,14,0,12.48,12.48,1561.0
2023,11,3,15,0,12.34,12.34,1561.0
2023,11,3,16,0,11.97,11.97,1561.0
2023,11,3,17,0,11.6,11.6,1561.0
2023,11,3,18,0,11.44,11.44,1561.0
2023,11,3,19,0,12.15,12.15,1561.0
2023,11,3,20,0,11.76,11.76,1561.0
2023,11,3,21,0,11.87,11.87,1561.0
2023,11,3,22,0,11.8,11.8,1561.0
2023,11,3,23,0,11.79,11.79,1561.0
2023,11,4,0,0,9.98,9.98,1561.0
2023,11,4,1,0,10.41,10.41,1561.0
2023,11,4,2,0,9.45,9.45,1561.0
2023,11,4,3,0,9.75,9.75,1561.0
2023,11,4,4,0,10.28,10.28,1561.0
2023,11,4,5,0,9.31,9.31,1561.0
2023,11,4,6,0,7.99,7.99,1561.0
2023,11,4,7,0,7.81,7.81,1561.0
2023,11,4,8,0,5.59,5.59,1561.0
2023,11,4,9,0,4.69,4.69,1561.0
2023,11,4,10,0,4.09,4.09,1561.0
2023,11,4,11,0,3.99,3.99,1561.0
2023,11,4,12,0,4.45,4.45,1561.0
2023,11,4,13,0,4.05,4.05,1561.0
2023,11,4,14,0,4.28,4.28,1561.0
2023,11,4,15,0,4.01,4.01,1561.0
2023,11,4,16,0,4.32,4.32,1561.0
2023,11,4,17,0,5.24,5.24,1561.0
2023,11,4,18,0,5.29,5.29,1561.0
2023,11,4,19,0,7.57,7.57,1561.0
2023,11,4,20,0,8.36,8.36,1561.0
2023,11,4,21,0,6.75,6.75,1561.0
2023,11,4,22,0,5.12,5.12,1561.0
2023,11,4,23,0,5.2700000000000005,5.2700000000000005,1561.0
2023,11,5,0,0,3.48,3.48,1561.0
2023,11,5,1,0,3.52,3.52,1561.0
2023,11,5,2,0,2.2,2.2,1561.0
2023,11,5,3,0,0.54,0.54,485.0454775754378
2023,11,5,4,0,1.6,1.6,1561.0
2023,11,5,5,0,2.57,2.57,1561.0
2023,11,5,6,0,1.96,1.96,1561.0
2023,11,5,7,0,0.64,0.64,807.4973433517222
2023,11,5,8,0,1.75,1.75,1561.0
2023,11,5,9,0,3.0700000000000003,3.0700000000000003,1561.0
2023,11,5,10,0,1.29,1.29,1561.0
2023,11,5,11,0,1.69,1.69,1561.0
2023,11,5,12,0,1.46,1.46,1561.0
2023,11,5,13,0,1.93,1.93,1561.0
2023,11,5,14,0,1.44,1.44,1561.0
2023,11,5,15,0,1.47,1.47,1561.0
2023,11,5,16,0,1.43,1.43,1561.0
2023,11,5,17,0,1.26,1.26,1561.0
2023,11,5,18,0,1.72,1.72,1561.0
2023,11,5,19,0,3.12,3.12,1561.0
2023,11,5,20,0,5.91,5.91,1561.0
2023,11,5,21,0,7.46,7.46,1561.0
2023,11,5,22,0,8.64,8.64,1561.0
2023,11,5,23,0,10.16,10.16,1561.0
2023,11,6,0,0,10.02,10.02,1561.0
2023,11,6,1,0,10.46,10.46,1561.0
2023,11,6,2,0,10.32,10.32,1561.0
2023,11,6,3,0,11.4,11.4,1561.0
2023,11,6,4,0,11.68,11.68,1561.0
2023,11,6,5,0,11.23,11.23,1561.0
2023,11,6,6,0,12.72,12.72,1561.0
2023,11,6,7,0,12.68,12.68,1561.0
2023,11,6,8,0,13.25,13.25,1561.0
2023,11,6,9,0,11.91,11.91,1561.0
2023,11,6,10,0,13.65,13.65,1561.0
2023,11,6,11,0,13.88,13.88,1561.0
2023,11,6,12,0,14.39,14.39,1561.0
2023,11,6,13,0,13.23,13.23,1561.0
2023,11,6,14,0,13.41,13.41,1561.0
2023,11,6,15,0,10.58,10.58,1561.0
2023,11,6,16,0,8.26,8.26,1561.0
2023,11,6,17,0,10.7,10.7,1561.0
2023,11,6,18,0,10.03,10.03,1561.0
2023,11,6,19,0,9.31,9.31,1561.0
2023,11,6,20,0,9.87,9.87,1561.0
2023,11,6,21,0,8.85,8.85,1561.0
2023,11,6,22,0,10.81,10.81,1561.0
2023,11,6,23,0,10.85,10.85,1561.0
2023,11,7,0,0,10.11,10.11,1561.0
2023,11,7,1,0,9.86,9.86,1561.0
2023,11,7,2,0,9.02,9.02,1561.0
2023,11,7,3,0,8.13,8.13,1561.0
2023,11,7,4,0,7.930000000000001,7.930000000000001,1561.0
2023,11,7,5,0,7.08,7.08,1561.0
2023,11,7,6,0,6.390000000000001,6.390000000000001,1561.0
2023,11,7,7,0,6.53,6.53,1561.0
2023,11,7,8,0,5.7700000000000005,5.7700000000000005,1561.0
2023,11,7,9,0,4.78,4.78,1561.0
2023,11,7,10,0,4.3100000000000005,4.3100000000000005,1561.0
2023,11,7,11,0,3.33,3.33,1561.0
2023,11,7,12,0,2.15,2.15,1561.0
2023,11,7,13,0,2.24,2.24,1561.0
2023,11,7,14,0,2.03,2.03,1561.0
2023,11,7,15,0,2.26,2.26,1561.0
2023,11,7,16,0,2.79,2.79,1561.0
2023,11,7,17,0,4.12,4.12,1561.0
2023,11,7,18,0,6.04,6.04,1561.0
2023,11,7,19,0,7.63,7.63,1561.0
2023,11,7,20,0,10.17,10.17,1561.0
2023,11,7,21,0,9.48,9.48,1561.0
2023,11,7,22,0,9.38,9.38,1561.0
2023,11,7,23,0,9.37,9.37,1561.0
2023,11,8,0,0,9.72,9.72,1561.0
2023,11,8,1,0,10.02,10.02,1561.0
2023,11,8,2,0,8.97,8.97,1561.0
2023,11,8,3,0,9.23,9.23,1561.0
2023,11,8,4,0,8.44,8.44,1561.0
2023,11,8,5,0,9.08,9.08,1561.0
2023,11,8,6,0,9.6,9.6,1561.0
2023,11,8,7,0,8.05,8.05,1561.0
2023,11,8,8,0,12.32,12.32,1561.0
2023,11,8,9,0,11.29,11.29,1561.0
2023,11,8,10,0,9.69,9.69,1561.0
2023,11,8,11,0,8.58,8.58,1561.0
2023,11,8,12,0,7.930000000000001,7.930000000000001,1561.0
2023,11,8,13,0,9.16,9.16,1561.0
2023,11,8,14,0,9.43,9.43,1561.0
2023,11,8,15,0,9.74,9.74,1561.0
2023,11,8,16,0,8.88,8.88,1561.0
2023,11,8,17,0,10.98,10.98,1561.0
2023,11,8,18,0,11.91,11.91,1561.0
2023,11,8,19,0,14.14,14.14,1561.0
2023,11,8,20,0,12.32,12.32,1561.0
2023,11,8,21,0,11.59,11.59,1561.0
2023,11,8,22,0,10.31,10.31,1561.0
2023,11,8,23,0,9.73,9.73,1561.0
2023,11,9,0,0,9.66,9.66,1561.0
2023,11,9,1,0,7.59,7.59,1561.0
2023,11,9,2,0,9.83,9.83,1561.0
2023,11,9,3,0,8.57,8.57,1561.0
2023,11,9,4,0,7.99,7.99,1561.0
2023,11,9,5,0,9.1,9.1,1561.0
2023,11,9,6,0,8.26,8.26,1561.0
2023,11,9,7,0,8.040000000000001,8.040000000000001,1561.0
2023,11,9,8,0,8.16,8.16,1561.0
2023,11,9,9,0,6.8100000000000005,6.8100000000000005,1561.0
2023,11,9,10,0,6.84,6.84,1561.0
2023,11,9,11,0,7.52,7.52,1561.0
2023,11,9,12,0,7.83,7.83,1561.0
2023,11,9,13,0,6.4,6.4,1561.0
2023,11,9,14,0,6.0,6.0,1561.0
2023,11,9,15,0,6.03,6.03,1561.0
2023,11,9,16,0,5.76,5.76,1561.0
2023,11,9,17,0,5.86,5.86,1561.0
2023,11,9,18,0,4.15,4.15,1561.0
2023,11,9,19,0,4.49,4.49,1561.0
2023,11,9,20,0,4.3500000000000005,4.3500000000000005,1561.0
2023,11,9,21,0,4.42,4.42,1561.0
2023,11,9,22,0,5.61,5.61,1561.0
2023,11,9,23,0,5.98,5.98,1561.0
2023,11,10,0,0,6.82,6.82,1561.0
2023,11,10,1,0,7.18,7.18,1561.0
2023,11,10,2,0,7.81,7.81,1561.0
2023,11,10,3,0,7.97,7.97,1561.0
2023,11,10,4,0,8.21,8.21,1561.0
2023,11,10,5,0,9.38,9.38,1561.0
2023,11,10,6,0,7.390000000000001,7.390000000000001,1561.0
2023,11,10,7,0,8.3,8.3,1561.0
2023,11,10,8,0,6.61,6.61,1561.0
2023,11,10,9,0,6.08,6.08,1561.0
2023,11,10,10,0,4.86,4.86,1561.0
2023,11,10,11,0,5.94,5.94,1561.0
2023,11,10,12,0,7.72,7.72,1561.0
2023,11,10,13,0,8.08,8.08,1561.0
2023,11,10,14,0,8.09,8.09,1561.0
2023,11,10,15,0,8.26,8.26,1561.0
2023,11,10,16,0,8.33,8.33,1561.0
2023,11,10,17,0,8.8,8.8,1561.0
2023,11,10,18,0,8.58,8.58,1561.0
2023,11,10,19,0,7.67,7.67,1561.0
2023,11,10,20,0,7.890000000000001,7.890000000000001,1561.0
2023,11,10,21,0,7.96,7.96,1561.0
2023,11,10,22,0,7.54,7.54,1561.0
2023,11,10,23,0,6.83,6.83,1561.0
2023,11,11,0,0,6.38,6.38,1561.0
2023,11,11,1,0,7.52,7.52,1561.0
2023,11,11,2,0,6.94,6.94,1561.0
2023,11,11,3,0,6.44,6.44,1561.0
2023,11,11,4,0,6.91,6.91,1561.0
2023,11,11,5,0,6.92,6.92,1561.0
2023,11,11,6,0,5.97,5.97,1561.0
2023,11,11,7,0,4.29,4.29,1561.0
2023,11,11,8,0,2.99,2.99,1561.0
2023,11,11,9,0,1.93,1.93,1561.0
2023,11,11,10,0,0.52,0.52,433.12296468352866
2023,11,11,11,0,2.26,2.26,1561.0
2023,11,11,12,0,2.99,2.99,1561.0
2023,11,11,13,0,2.62,2.62,1561.0
2023,11,11,14,0,2.98,2.98,1561.0
2023,11,11,15,0,3.18,3.18,1561.0
2023,11,11,16,0,3.68,3.68,1561.0
2023,11,11,17,0,3.94,3.94,1561.0
2023,11,11,18,0,4.19,4.19,1561.0
2023,11,11,19,0,4.94,4.94,1561.0
2023,11,11,20,0,5.5,5.5,1561.0
2023,11,11,21,0,6.83,6.83,1561.0
2023,11,11,22,0,8.03,8.03,1561.0
2023,11,11,23,0,8.88,8.88,1561.0
2023,11,12,0,0,8.790000000000001,8.790000000000001,1561.0
2023,11,12,1,0,8.27,8.27,1561.0
2023,11,12,2,0,7.890000000000001,7.890000000000001,1561.0
2023,11,12,3,0,7.5,7.5,1561.0
2023,11,12,4,0,7.09,7.09,1561.0
2023,11,12,5,0,6.99,6.99,1561.0
2023,11,12,6,0,7.48,7.48,1561.0
2023,11,12,7,0,8.86,8.86,1561.0
2023,11,12,8,0,9.71,9.71,1561.0
2023,11,12,9,0,9.19,9.19,1561.0
2023,11,12,10,0,6.3,6.3,1561.0
2023,11,12,11,0,5.78,5.78,1561.0
2023,11,12,12,0,5.87,5.87,1561.0
2023,11,12,13,0,5.62,5.62,1561.0
2023,11,12,14,0,6.23,6.23,1561.0
2023,11,12,15,0,6.22,6.22,1561.0
2023,11,12,16,0,5.99,5.99,1561.0
2023,11,12,17,0,5.34,5.34,1561.0
2023,11,12,18,0,6.7700000000000005,6.7700000000000005,1561.0
2023,11,12,19,0,7.15,7.15,1561.0
2023,11,12,20,0,8.950000000000001,8.950000000000001,1561.0
2023,11,12,21,0,9.26,9.26,1561.0
2023,11,12,22,0,9.16,9.16,1561.0
2023,11,12,23,0,9.26,9.26,1561.0
2023,11,13,0,0,10.2,10.2,1561.0
2023,11,13,1,0,10.23,10.23,1561.0
2023,11,13,2,0,11.51,11.51,1561.0
2023,11,13,3,0,10.96,10.96,1561.0
2023,11,13,4,0,10.69,10.69,1561.0
2023,11,13,5,0,10.77,10.77,1561.0
2023,11,13,6,0,10.2,10.2,1561.0
2023,11,13,7,0,9.08,9.08,1561.0
2023,11,13,8,0,8.61,8.61,1561.0
2023,11,13,9,0,8.19,8.19,1561.0
2023,11,13,10,0,6.8500000000000005,6.8500000000000005,1561.0
2023,11,13,11,0,5.68,5.68,1561.0
2023,11,13,12,0,5.8,5.8,1561.0
2023,11,13,13,0,6.93,6.93,1561.0
2023,11,13,14,0,7.04,7.04,1561.0
2023,11,13,15,0,7.31,7.31,1561.0
2023,11,13,16,0,6.95,6.95,1561.0
2023,11,13,17,0,6.9,6.9,1561.0
2023,11,13,18,0,6.38,6.38,1561.0
2023,11,13,19,0,6.5600000000000005,6.5600000000000005,1561.0
2023,11,13,20,0,5.95,5.95,1561.0
2023,11,13,21,0,6.36,6.36,1561.0
2023,11,13,22,0,6.5600000000000005,6.5600000000000005,1561.0
2023,11,13,23,0,4.94,4.94,1561.0
2023,11,14,0,0,1.83,1.83,1561.0
2023,11,14,1,0,1.85,1.85,1561.0
2023,11,14,2,0,2.26,2.26,1561.0
2023,11,14,3,0,0.18,0.18,17.964647317608804
2023,11,14,4,0,0.5700000000000001,0.5700000000000001,570.4607219975871
2023,11,14,5,0,1.58,1.58,1561.0
2023,11,14,6,0,2.84,2.84,1561.0
2023,11,14,7,0,2.75,2.75,1561.0
2023,11,14,8,0,4.48,4.48,1561.0
2023,11,14,9,0,3.9,3.9,1561.0
2023,11,14,10,0,4.32,4.32,1561.0
2023,11,14,11,0,3.9,3.9,1561.0
2023,11,14,12,0,4.49,4.49,1561.0
2023,11,14,13,0,5.95,5.95,1561.0
2023,11,14,14,0,5.63,5.63,1561.0
2023,11,14,15,0,5.34,5.34,1561.0
2023,11,14,16,0,5.16,5.16,1561.0
2023,11,14,17,0,6.74,6.74,1561.0
2023,11,14,18,0,6.83,6.83,1561.0
2023,11,14,19,0,7.05,7.05,1561.0
2023,11,14,20,0,8.94,8.94,1561.0
2023,11,14,21,0,9.77,9.77,1561.0
2023,11,14,22,0,10.05,10.05,1561.0
2023,11,14,23,0,8.94,8.94,1561.0
2023,11,15,0,0,9.02,9.02,1561.0
2023,11,15,1,0,7.91,7.91,1561.0
2023,11,15,2,0,8.15,8.15,1561.0
2023,11,15,3,0,10.63,10.63,1561.0
2023,11,15,4,0,12.13,12.13,1561.0
2023,11,15,5,0,10.35,10.35,1561.0
2023,11,15,6,0,9.74,9.74,1561.0
2023,11,15,7,0,9.52,9.52,1561.0
2023,11,15,8,0,9.17,9.17,1561.0
2023,11,15,9,0,9.52,9.52,1561.0
2023,11,15,10,0,7.3,7.3,1561.0
2023,11,15,11,0,5.78,5.78,1561.0
2023,11,15,12,0,6.44,6.44,1561.0
2023,11,15,13,0,6.5600000000000005,6.5600000000000005,1561.0
2023,11,15,14,0,6.76,6.76,1561.0
2023,11,15,15,0,6.95,6.95,1561.0
2023,11,15,16,0,5.88,5.88,1561.0
2023,11,15,17,0,7.140000000000001,7.140000000000001,1561.0
2023,11,15,18,0,8.21,8.21,1561.0
2023,11,15,19,0,8.15,8.15,1561.0
2023,11,15,20,0,9.09,9.09,1561.0
2023,11,15,21,0,9.45,9.45,1561.0
2023,11,15,22,0,9.54,9.54,1561.0
2023,11,15,23,0,9.91,9.91,1561.0
2023,11,16,0,0,9.1,9.1,1561.0
2023,11,16,1,0,8.27,8.27,1561.0
2023,11,16,2,0,8.85,8.85,1561.0
2023,11,16,3,0,7.91,7.91,1561.0
2023,11,16,4,0,6.66,6.66,1561.0
2023,11,16,5,0,8.17,8.17,1561.0
2023,11,16,6,0,10.05,10.05,1561.0
2023,11,16,7,0,8.24,8.24,1561.0
2023,11,16,8,0,9.85,9.85,1561.0
2023,11,16,9,0,9.37,9.37,1561.0
2023,11,16,10,0,7.34,7.34,1561.0
2023,11,16,11,0,6.78,6.78,1561.0
2023,11,16,12,0,8.23,8.23,1561.0
2023,11,16,13,0,9.85,9.85,1561.0
2023,11,16,14,0,10.52,10.52,1561.0
2023,11,16,15,0,9.86,9.86,1561.0
2023,11,16,16,0,9.03,9.03,1561.0
2023,11,16,17,0,9.08,9.08,1561.0
2023,11,16,18,0,10.14,10.14,1561.0
2023,11,16,19,0,10.93,10.93,1561.0
2023,11,16,20,0,11.43,11.43,1561.0
2023,11,16,21,0,10.96,10.96,1561.0
2023,11,16,22,0,11.17,11.17,1561.0
2023,11,16,23,0,11.24,11.24,1561.0
2023,11,17,0,0,11.09,11.09,1561.0
2023,11,17,1,0,10.97,10.97,1561.0
2023,11,17,2,0,10.62,10.62,1561.0
2023,11,17,3,0,9.36,9.36,1561.0
2023,11,17,4,0,9.74,9.74,1561.0
2023,11,17,5,0,9.31,9.31,1561.0
2023,11,17,6,0,9.77,9.77,1561.0
2023,11,17,7,0,9.9,9.9,1561.0
2023,11,17,8,0,8.57,8.57,1561.0
2023,11,17,9,0,7.15,7.15,1561.0
2023,11,17,10,0,5.73,5.73,1561.0
2023,11,17,11,0,7.75,7.75,1561.0
2023,11,17,12,0,8.34,8.34,1561.0
2023,11,17,13,0,8.65,8.65,1561.0
2023,11,17,14,0,7.68,7.68,1561.0
2023,11,17,15,0,7.79,7.79,1561.0
2023,11,17,16,0,8.8,8.8,1561.0
2023,11,17,17,0,8.0,8.0,1561.0
2023,11,17,18,0,8.4,8.4,1561.0
2023,11,17,19,0,9.58,9.58,1561.0
2023,11,17,20,0,9.37,9.37,1561.0
2023,11,17,21,0,8.49,8.49,1561.0
2023,11,17,22,0,7.71,7.71,1561.0
2023,11,17,23,0,8.76,8.76,1561.0
2023,11,18,0,0,7.62,7.62,1561.0
2023,11,18,1,0,6.84,6.84,1561.0
2023,11,18,2,0,5.97,5.97,1561.0
2023,11,18,3,0,4.1,4.1,1561.0
2023,11,18,4,0,5.22,5.22,1561.0
2023,11,18,5,0,4.98,4.98,1561.0
2023,11,18,6,0,2.84,2.84,1561.0
2023,11,18,7,0,2.42,2.42,1561.0
2023,11,18,8,0,2.09,2.09,1561.0
2023,11,18,9,0,1.84,1.84,1561.0
2023,11,18,10,0,2.01,2.01,1561.0
2023,11,18,11,0,2.97,2.97,1561.0
2023,11,18,12,0,3.46,3.46,1561.0
2023,11,18,13,0,3.78,3.78,1561.0
2023,11,18,14,0,4.14,4.14,1561.0
2023,11,18,15,0,4.03,4.03,1561.0
2023,11,18,16,0,3.59,3.59,1561.0
2023,11,18,17,0,4.48,4.48,1561.0
2023,11,18,18,0,5.8,5.8,1561.0
2023,11,18,19,0,6.25,6.25,1561.0
2023,11,18,20,0,6.49,6.49,1561.0
2023,11,18,21,0,5.43,5.43,1561.0
2023,11,18,22,0,6.29,6.29,1561.0
2023,11,18,23,0,6.5,6.5,1561.0
2023,11,19,0,0,8.53,8.53,1561.0
2023,11,19,1,0,9.44,9.44,1561.0
2023,11,19,2,0,8.69,8.69,1561.0
2023,11,19,3,0,9.27,9.27,1561.0
2023,11,19,4,0,8.8,8.8,1561.0
2023,11,19,5,0,8.370000000000001,8.370000000000001,1561.0
2023,11,19,6,0,7.92,7.92,1561.0
2023,11,19,7,0,6.33,6.33,1561.0
2023,11,19,8,0,6.05,6.05,1561.0
2023,11,19,9,0,3.75,3.75,1561.0
2023,11,19,10,0,2.09,2.09,1561.0
2023,11,19,11,0,0.85,0.85,1561.0
2023,11,19,12,0,0.94,0.94,1561.0
2023,11,19,13,0,0.14,0.14,8.452502098682883
2023,11,19,14,0,0.55,0.55,512.4945468908035
2023,11,19,15,0,1.54,1.54,1561.0
2023,11,19,16,0,2.97,2.97,1561.0
2023,11,19,17,0,3.97,3.97,1561.0
2023,11,19,18,0,5.16,5.16,1561.0
2023,11,19,19,0,6.0,6.0,1561.0
2023,11,19,20,0,6.4,6.4,1561.0
2023,11,19,21,0,9.38,9.38,1561.0
2023,11,19,22,0,9.81,9.81,1561.0
2023,11,19,23,0,9.72,9.72,1561.0
2023,11,20,0,0,10.52,10.52,1561.0
2023,11,20,1,0,10.04,10.04,1561.0
2023,11,20,2,0,9.79,9.79,1561.0
2023,11,20,3,0,9.52,9.52,1561.0
2023,11,20,4,0,9.65,9.65,1561.0
2023,11,20,5,0,7.72,7.72,1561.0
2023,11,20,6,0,9.41,9.41,1561.0
2023,11,20,7,0,9.48,9.48,1561.0
2023,11,20,8,0,9.43,9.43,1561.0
2023,11,20,9,0,10.09,10.09,1561.0
2023,11,20,10,0,10.19,10.19,1561.0
2023,11,20,11,0,8.63,8.63,1561.0
2023,11,20,12,0,9.9,9.9,1561.0
2023,11,20,13,0,10.03,10.03,1561.0
2023,11,20,14,0,9.69,9.69,1561.0
2023,11,20,15,0,9.65,9.65,1561.0
2023,11,20,16,0,10.29,10.29,1561.0
2023,11,20,17,0,10.13,10.13,1561.0
2023,11,20,18,0,10.78,10.78,1561.0
2023,11,20,19,0,10.47,10.47,1561.0
2023,11,20,20,0,11.2,11.2,1561.0
2023,11,20,21,0,10.78,10.78,1561.0
2023,11,20,22,0,8.33,8.33,1561.0
2023,11,20,23,0,9.35,9.35,1561.0
2023,11,21,0,0,10.16,10.16,1561.0
2023,11,21,1,0,10.96,10.96,1561.0
2023,11,21,2,0,8.02,8.02,1561.0
2023,11,21,3,0,7.81,7.81,1561.0
2023,11,21,4,0,7.05,7.05,1561.0
2023,11,21,5,0,4.38,4.38,1561.0
2023,11,21,6,0,7.6,7.6,1561.0
2023,11,21,7,0,5.23,5.23,1561.0
2023,11,21,8,0,7.01,7.01,1561.0
2023,11,21,9,0,5.43,5.43,1561.0
2023,11,21,10,0,5.3,5.3,1561.0
2023,11,21,11,0,6.26,6.26,1561.0
2023,11,21,12,0,7.84,7.84,1561.0
2023,11,21,13,0,7.31,7.31,1561.0
2023,11,21,14,0,7.1000000000000005,7.1000000000000005,1561.0
2023,11,21,15,0,8.9,8.9,1561.0
2023,11,21,16,0,8.59,8.59,1561.0
2023,11,21,17,0,7.79,7.79,1561.0
2023,11,21,18,0,8.23,8.23,1561.0
2023,11,21,19,0,8.24,8.24,1561.0
2023,11,21,20,0,7.48,7.48,1561.0
2023,11,21,21,0,8.91,8.91,1561.0
2023,11,21,22,0,8.34,8.34,1561.0
2023,11,21,23,0,7.35,7.35,1561.0
2023,11,22,0,0,6.8100000000000005,6.8100000000000005,1561.0
2023,11,22,1,0,6.86,6.86,1561.0
2023,11,22,2,0,7.54,7.54,1561.0
2023,11,22,3,0,7.34,7.34,1561.0
2023,11,22,4,0,7.28,7.28,1561.0
2023,11,22,5,0,8.83,8.83,1561.0
2023,11,22,6,0,8.48,8.48,1561.0
2023,11,22,7,0,8.19,8.19,1561.0
2023,11,22,8,0,8.34,8.34,1561.0
2023,11,22,9,0,4.65,4.65,1561.0
2023,11,22,10,0,3.92,3.92,1561.0
2023,11,22,11,0,4.03,4.03,1561.0
2023,11,22,12,0,4.8500000000000005,4.8500000000000005,1561.0
2023,11,22,13,0,6.51,6.51,1561.0
2023,11,22,14,0,6.9,6.9,1561.0
2023,11,22,15,0,4.83,4.83,1561.0
2023,11,22,16,0,5.53,5.53,1561.0
2023,11,22,17,0,6.5200000000000005,6.5200000000000005,1561.0
2023,11,22,18,0,4.22,4.22,1561.0
2023,11,22,19,0,7.5,7.5,1561.0
2023,11,22,20,0,7.56,7.56,1561.0
2023,11,22,21,0,7.57,7.57,1561.0
2023,11,22,22,0,7.65,7.65,1561.0
2023,11,22,23,0,8.33,8.33,1561.0
2023,11,23,0,0,8.44,8.44,1561.0
2023,11,23,1,0,8.040000000000001,8.040000000000001,1561.0
2023,11,23,2,0,8.6,8.6,1561.0
2023,11,23,3,0,9.17,9.17,1561.0
2023,11,23,4,0,9.69,9.69,1561.0
2023,11,23,5,0,9.53,9.53,1561.0
2023,11,23,6,0,10.13,10.13,1561.0
2023,11,23,7,0,10.13,10.13,1561.0
2023,11,23,8,0,9.18,9.18,1561.0
2023,11,23,9,0,9.18,9.18,1561.0
2023,11,23,10,0,8.23,8.23,1561.0
2023,11,23,11,0,6.55,6.55,1561.0
2023,11,23,12,0,5.57,5.57,1561.0
2023,11,23,13,0,4.45,4.45,1561.0
2023,11,23,14,0,4.7,4.7,1561.0
2023,11,23,15,0,4.7,4.7,1561.0
2023,11,23,16,0,3.78,3.78,1561.0
2023,11,23,17,0,5.38,5.38,1561.0
2023,11,23,18,0,7.390000000000001,7.390000000000001,1561.0
2023,11,23,19,0,8.950000000000001,8.950000000000001,1561.0
2023,11,23,20,0,8.540000000000001,8.540000000000001,1561.0
2023,11,23,21,0,8.94,8.94,1561.0
2023,11,23,22,0,9.3,9.3,1561.0
2023,11,23,23,0,10.39,10.39,1561.0
2023,11,24,0,0,9.91,9.91,1561.0
2023,11,24,1,0,9.8,9.8,1561.0
2023,11,24,2,0,9.77,9.77,1561.0
2023,11,24,3,0,9.69,9.69,1561.0
2023,11,24,4,0,8.120000000000001,8.120000000000001,1561.0
2023,11,24,5,0,8.58,8.58,1561.0
2023,11,24,6,0,9.12,9.12,1561.0
2023,11,24,7,0,8.85,8.85,1561.0
2023,11,24,8,0,7.9,7.9,1561.0
2023,11,24,9,0,6.71,6.71,1561.0
2023,11,24,10,0,7.28,7.28,1561.0
2023,11,24,11,0,7.72,7.72,1561.0
2023,11,24,12,0,8.59,8.59,1561.0
2023,11,24,13,0,8.0,8.0,1561.0
2023,11,24,14,0,7.85,7.85,1561.0
2023,11,24,15,0,7.3,7.3,1561.0
2023,11,24,16,0,7.61,7.61,1561.0
2023,11,24,17,0,6.73,6.73,1561.0
2023,11,24,18,0,7.5,7.5,1561.0
2023,11,24,19,0,7.86,7.86,1561.0
2023,11,24,20,0,8.35,8.35,1561.0
2023,11,24,21,0,8.41,8.41,1561.0
2023,11,24,22,0,7.8,7.8,1561.0
2023,11,24,23,0,6.3500000000000005,6.3500000000000005,1561.0
2023,11,25,0,0,6.05,6.05,1561.0
2023,11,25,1,0,5.4,5.4,1561.0
2023,11,25,2,0,5.78,5.78,1561.0
2023,11,25,3,0,6.12,6.12,1561.0
2023,11,25,4,0,5.33,5.33,1561.0
2023,11,25,5,0,5.7,5.7,1561.0
2023,11,25,6,0,5.24,5.24,1561.0
2023,11,25,7,0,5.3,5.3,1561.0
2023,11,25,8,0,5.0200000000000005,5.0200000000000005,1561.0
2023,11,25,9,0,4.68,4.68,1561.0
2023,11,25,10,0,4.6000000000000005,4.6000000000000005,1561.0
2023,11,25,11,0,2.31,2.31,1561.0
2023,11,25,12,0,1.13,1.13,1561.0
2023,11,25,13,0,0.86,0.86,1561.0
2023,11,25,14,0,1.39,1.39,1561.0
2023,11,25,15,0,1.47,1.47,1561.0
2023,11,25,16,0,2.02,2.02,1561.0
2023,11,25,17,0,2.66,2.66,1561.0
2023,11,25,18,0,4.01,4.01,1561.0
2023,11,25,19,0,4.66,4.66,1561.0
2023,11,25,20,0,4.7,4.7,1561.0
2023,11,25,21,0,5.33,5.33,1561.0
2023,11,25,22,0,5.38,5.38,1561.0
2023,11,25,23,0,3.39,3.39,1561.0
2023,11,26,0,0,3.73,3.73,1561.0
2023,11,26,1,0,4.4,4.4,1561.0
2023,11,26,2,0,2.94,2.94,1561.0
2023,11,26,3,0,2.88,2.88,1561.0
2023,11,26,4,0,3.64,3.64,1561.0
2023,11,26,5,0,3.53,3.53,1561.0
2023,11,26,6,0,3.38,3.38,1561.0
2023,11,26,7,0,2.76,2.76,1561.0
2023,11,26,8,0,5.73,5.73,1561.0
2023,11,26,9,0,5.3500000000000005,5.3500000000000005,1561.0
2023,11,26,10,0,3.42,3.42,1561.0
2023,11,26,11,0,2.92,2.92,1561.0
2023,11,26,12,0,4.96,4.96,1561.0
2023,11,26,13,0,4.99,4.99,1561.0
2023,11,26,14,0,5.46,5.46,1561.0
2023,11,26,15,0,6.21,6.21,1561.0
2023,11,26,16,0,6.53,6.53,1561.0
2023,11,26,17,0,8.61,8.61,1561.0
2023,11,26,18,0,10.48,10.48,1561.0
2023,11,26,19,0,9.6,9.6,1561.0
2023,11,26,20,0,11.74,11.74,1561.0
2023,11,26,21,0,11.83,11.83,1561.0
2023,11,26,22,0,11.91,11.91,1561.0
2023,11,26,23,0,10.76,10.76,1561.0
2023,11,27,0,0,11.44,11.44,1561.0
2023,11,27,1,0,10.12,10.12,1561.0
2023,11,27,2,0,9.32,9.32,1561.0
2023,11,27,3,0,10.01,10.01,1561.0
2023,11,27,4,0,10.86,10.86,1561.0
2023,11,27,5,0,10.06,10.06,1561.0
2023,11,27,6,0,10.72,10.72,1561.0
2023,11,27,7,0,10.15,10.15,1561.0
2023,11,27,8,0,8.83,8.83,1561.0
2023,11,27,9,0,8.21,8.21,1561.0
2023,11,27,10,0,9.92,9.92,1561.0
2023,11,27,11,0,10.42,10.42,1561.0
2023,11,27,12,0,10.66,10.66,1561.0
2023,11,27,13,0,11.13,11.13,1561.0
2023,11,27,14,0,11.76,11.76,1561.0
2023,11,27,15,0,11.52,11.52,1561.0
2023,11,27,16,0,10.77,10.77,1561.0
2023,11,27,17,0,11.47,11.47,1561.0
2023,11,27,18,0,10.74,10.74,1561.0
2023,11,27,19,0,11.3,11.3,1561.0
2023,11,27,20,0,10.88,10.88,1561.0
2023,11,27,21,0,9.98,9.98,1561.0
2023,11,27,22,0,11.35,11.35,1561.0
2023,11,27,23,0,9.92,9.92,1561.0
2023,11,28,0,0,9.9,9.9,1561.0
2023,11,28,1,0,8.700000000000001,8.700000000000001,1561.0
2023,11,28,2,0,9.37,9.37,1561.0
2023,11,28,3,0,8.75,8.75,1561.0
2023,11,28,4,0,8.24,8.24,1561.0
2023,11,28,5,0,7.63,7.63,1561.0
2023,11,28,6,0,8.370000000000001,8.370000000000001,1561.0
2023,11,28,7,0,7.0600000000000005,7.0600000000000005,1561.0
2023,11,28,8,0,6.59,6.59,1561.0
2023,11,28,9,0,5.72,5.72,1561.0
2023,11,28,10,0,7.42,7.42,1561.0
2023,11,28,11,0,6.33,6.33,1561.0
2023,11,28,12,0,5.28,5.28,1561.0
2023,11,28,13,0,5.26,5.26,1561.0
2023,11,28,14,0,4.89,4.89,1561.0
2023,11,28,15,0,4.86,4.86,1561.0
2023,11,28,16,0,4.36,4.36,1561.0
2023,11,28,17,0,4.58,4.58,1561.0
2023,11,28,18,0,5.38,5.38,1561.0
2023,11,28,19,0,6.16,6.16,1561.0
2023,11,28,20,0,6.07,6.07,1561.0
2023,11,28,21,0,6.8100000000000005,6.8100000000000005,1561.0
2023,11,28,22,0,7.83,7.83,1561.0
2023,11,28,23,0,8.57,8.57,1561.0
2023,11,29,0,0,8.46,8.46,1561.0
2023,11,29,1,0,8.02,8.02,1561.0
2023,11,29,2,0,8.73,8.73,1561.0
2023,11,29,3,0,9.37,9.37,1561.0
2023,11,29,4,0,9.63,9.63,1561.0
2023,11,29,5,0,9.26,9.26,1561.0
2023,11,29,6,0,9.61,9.61,1561.0
2023,11,29,7,0,9.95,9.95,1561.0
2023,11,29,8,0,10.6,10.6,1561.0
2023,11,29,9,0,9.92,9.92,1561.0
2023,11,29,10,0,8.76,8.76,1561.0
2023,11,29,11,0,8.8,8.8,1561.0
2023,11,29,12,0,6.83,6.83,1561.0
2023,11,29,13,0,6.79,6.79,1561.0
2023,11,29,14,0,7.42,7.42,1561.0
2023,11,29,15,0,8.39,8.39,1561.0
2023,11,29,16,0,8.38,8.38,1561.0
2023,11,29,17,0,8.38,8.38,1561.0
2023,11,29,18,0,9.02,9.02,1561.0
2023,11,29,19,0,8.2,8.2,1561.0
2023,11,29,20,0,9.21,9.21,1561.0
2023,11,29,21,0,8.59,8.59,1561.0
2023,11,29,22,0,10.14,10.14,1561.0
2023,11,29,23,0,11.39,11.39,1561.0
2023,11,30,0,0,10.9,10.9,1561.0
2023,11,30,1,0,10.21,10.21,1561.0
2023,11,30,2,0,10.04,10.04,1561.0
2023,11,30,3,0,10.43,10.43,1561.0
2023,11,30,4,0,10.2,10.2,1561.0
2023,11,30,5,0,11.37,11.37,1561.0
2023,11,30,6,0,10.81,10.81,1561.0
2023,11,30,7,0,11.33,11.33,1561.0
2023,11,30,8,0,10.96,10.96,1561.0
2023,11,30,9,0,10.62,10.62,1561.0
2023,11,30,10,0,9.53,9.53,1561.0
2023,11,30,11,0,8.8,8.8,1561.0
2023,11,30,12,0,9.35,9.35,1561.0
2023,11,30,13,0,9.89,9.89,1561.0
2023,11,30,14,0,10.24,10.24,1561.0
2023,11,30,15,0,10.24,10.24,1561.0
2023,11,30,16,0,10.35,10.35,1561.0
2023,11,30,17,0,12.23,12.23,1561.0
2023,11,30,18,0,12.26,12.26,1561.0
2023,11,30,19,0,11.85,11.85,1561.0
2023,11,30,20,0,10.94,10.94,1561.0
2023,11,30,21,0,11.54,11.54,1561.0
2023,11,30,22,0,9.14,9.14,1561.0
2023,11,30,23,0,7.57,7.57,1561.0
2023,12,1,0,0,5.6000000000000005,5.6000000000000005,1561.0
2023,12,1,1,0,4.6000000000000005,4.6000000000000005,1561.0
2023,12,1,2,0,3.91,3.91,1561.0
2023,12,1,3,0,2.67,2.67,1561.0
2023,12,1,4,0,3.22,3.22,1561.0
2023,12,1,5,0,11.14,11.14,1561.0
2023,12,1,6,0,5.53,5.53,1561.0
2023,12,1,7,0,5.8,5.8,1561.0
2023,12,1,8,0,6.5600000000000005,6.5600000000000005,1561.0
2023,12,1,9,0,6.44,6.44,1561.0
2023,12,1,10,0,6.13,6.13,1561.0
2023,12,1,11,0,4.29,4.29,1561.0
2023,12,1,12,0,5.0600000000000005,5.0600000000000005,1561.0
2023,12,1,13,0,3.99,3.99,1561.0
2023,12,1,14,0,4.68,4.68,1561.0
2023,12,1,15,0,3.87,3.87,1561.0
2023,12,1,16,0,1.67,1.67,1561.0
2023,12,1,17,0,2.24,2.24,1561.0
2023,12,1,18,0,1.5,1.5,1561.0
2023,12,1,19,0,2.13,2.13,1561.0
2023,12,1,20,0,2.72,2.72,1561.0
2023,12,1,21,0,3.37,3.37,1561.0
2023,12,1,22,0,4.38,4.38,1561.0
2023,12,1,23,0,5.04,5.04,1561.0
2023,12,2,0,0,8.82,8.82,1561.0
2023,12,2,1,0,10.15,10.15,1561.0
2023,12,2,2,0,8.32,8.32,1561.0
2023,12,2,3,0,7.9,7.9,1561.0
2023,12,2,4,0,6.65,6.65,1561.0
2023,12,2,5,0,5.53,5.53,1561.0
2023,12,2,6,0,4.7,4.7,1561.0
2023,12,2,7,0,4.8500000000000005,4.8500000000000005,1561.0
2023,12,2,8,0,3.92,3.92,1561.0
2023,12,2,9,0,3.37,3.37,1561.0
2023,12,2,10,0,2.2,2.2,1561.0
2023,12,2,11,0,1.66,1.66,1561.0
2023,12,2,12,0,1.07,1.07,1561.0
2023,12,2,13,0,1.2,1.2,1561.0
2023,12,2,14,0,1.95,1.95,1561.0
2023,12,2,15,0,1.4,1.4,1561.0
2023,12,2,16,0,1.98,1.98,1561.0
2023,12,2,17,0,2.87,2.87,1561.0
2023,12,2,18,0,4.0600000000000005,4.0600000000000005,1561.0
2023,12,2,19,0,3.93,3.93,1561.0
2023,12,2,20,0,4.24,4.24,1561.0
2023,12,2,21,0,3.29,3.29,1561.0
2023,12,2,22,0,5.45,5.45,1561.0
2023,12,2,23,0,3.88,3.88,1561.0
2023,12,3,0,0,1.89,1.89,1561.0
2023,12,3,1,0,2.74,2.74,1561.0
2023,12,3,2,0,3.53,3.53,1561.0
2023,12,3,3,0,5.12,5.12,1561.0
2023,12,3,4,0,5.8100000000000005,5.8100000000000005,1561.0
2023,12,3,5,0,5.5,5.5,1561.0
2023,12,3,6,0,4.55,4.55,1561.0
2023,12,3,7,0,4.94,4.94,1561.0
2023,12,3,8,0,6.49,6.49,1561.0
2023,12,3,9,0,5.42,5.42,1561.0
2023,12,3,10,0,5.61,5.61,1561.0
2023,12,3,11,0,6.4,6.4,1561.0
2023,12,3,12,0,7.96,7.96,1561.0
2023,12,3,13,0,8.17,8.17,1561.0
2023,12,3,14,0,8.94,8.94,1561.0
2023,12,3,15,0,9.54,9.54,1561.0
2023,12,3,16,0,9.26,9.26,1561.0
2023,12,3,17,0,8.41,8.41,1561.0
2023,12,3,18,0,8.370000000000001,8.370000000000001,1561.0
2023,12,3,19,0,8.65,8.65,1561.0
2023,12,3,20,0,7.67,7.67,1561.0
2023,12,3,21,0,6.0,6.0,1561.0
2023,12,3,22,0,6.640000000000001,6.640000000000001,1561.0
2023,12,3,23,0,6.43,6.43,1561.0
2023,12,4,0,0,4.58,4.58,1561.0
2023,12,4,1,0,3.87,3.87,1561.0
2023,12,4,2,0,6.28,6.28,1561.0
2023,12,4,3,0,5.5600000000000005,5.5600000000000005,1561.0
2023,12,4,4,0,3.11,3.11,1561.0
2023,12,4,5,0,1.65,1.65,1561.0
2023,12,4,6,0,0.68,0.68,968.5630976286648
2023,12,4,7,0,2.08,2.08,1561.0
2023,12,4,8,0,2.22,2.22,1561.0
2023,12,4,9,0,2.03,2.03,1561.0
2023,12,4,10,0,1.12,1.12,1561.0
2023,12,4,11,0,1.92,1.92,1561.0
2023,12,4,12,0,3.13,3.13,1561.0
2023,12,4,13,0,2.69,2.69,1561.0
2023,12,4,14,0,4.09,4.09,1561.0
2023,12,4,15,0,3.43,3.43,1561.0
2023,12,4,16,0,3.12,3.12,1561.0
2023,12,4,17,0,4.18,4.18,1561.0
2023,12,4,18,0,5.69,5.69,1561.0
2023,12,4,19,0,5.7700000000000005,5.7700000000000005,1561.0
2023,12,4,20,0,5.86,5.86,1561.0
2023,12,4,21,0,5.5200000000000005,5.5200000000000005,1561.0
2023,12,4,22,0,4.17,4.17,1561.0
2023,12,4,23,0,4.41,4.41,1561.0
2023,12,5,0,0,2.68,2.68,1561.0
2023,12,5,1,0,2.12,2.12,1561.0
2023,12,5,2,0,3.76,3.76,1561.0
2023,12,5,3,0,4.01,4.01,1561.0
2023,12,5,4,0,5.5,5.5,1561.0
2023,12,5,5,0,4.54,4.54,1561.0
2023,12,5,6,0,5.93,5.93,1561.0
2023,12,5,7,0,6.71,6.71,1561.0
2023,12,5,8,0,5.84,5.84,1561.0
2023,12,5,9,0,4.66,4.66,1561.0
2023,12,5,10,0,6.390000000000001,6.390000000000001,1561.0
2023,12,5,11,0,3.54,3.54,1561.0
2023,12,5,12,0,6.0200000000000005,6.0200000000000005,1561.0
2023,12,5,13,0,4.64,4.64,1561.0
2023,12,5,14,0,4.07,4.07,1561.0
2023,12,5,15,0,5.23,5.23,1561.0
2023,12,5,16,0,6.05,6.05,1561.0
2023,12,5,17,0,7.09,7.09,1561.0
2023,12,5,18,0,8.78,8.78,1561.0
2023,12,5,19,0,7.84,7.84,1561.0
2023,12,5,20,0,7.76,7.76,1561.0
2023,12,5,21,0,7.7,7.7,1561.0
2023,12,5,22,0,7.44,7.44,1561.0
2023,12,5,23,0,7.15,7.15,1561.0
2023,12,6,0,0,6.46,6.46,1561.0
2023,12,6,1,0,6.95,6.95,1561.0
2023,12,6,2,0,6.6000000000000005,6.6000000000000005,1561.0
2023,12,6,3,0,7.91,7.91,1561.0
2023,12,6,4,0,7.98,7.98,1561.0
2023,12,6,5,0,7.21,7.21,1561.0
2023,12,6,6,0,7.55,7.55,1561.0
2023,12,6,7,0,7.18,7.18,1561.0
2023,12,6,8,0,6.96,6.96,1561.0
2023,12,6,9,0,5.29,5.29,1561.0
2023,12,6,10,0,4.78,4.78,1561.0
2023,12,6,11,0,5.12,5.12,1561.0
2023,12,6,12,0,5.78,5.78,1561.0
2023,12,6,13,0,6.3100000000000005,6.3100000000000005,1561.0
2023,12,6,14,0,6.0200000000000005,6.0200000000000005,1561.0
2023,12,6,15,0,6.26,6.26,1561.0
2023,12,6,16,0,6.53,6.53,1561.0
2023,12,6,17,0,6.8500000000000005,6.8500000000000005,1561.0
2023,12,6,18,0,6.55,6.55,1561.0
2023,12,6,19,0,7.12,7.12,1561.0
2023,12,6,20,0,8.35,8.35,1561.0
2023,12,6,21,0,9.61,9.61,1561.0
2023,12,6,22,0,9.9,9.9,1561.0
2023,12,6,23,0,10.14,10.14,1561.0
2023,12,7,0,0,10.31,10.31,1561.0
2023,12,7,1,0,10.26,10.26,1561.0
2023,12,7,2,0,11.17,11.17,1561.0
2023,12,7,3,0,11.63,11.63,1561.0
2023,12,7,4,0,10.82,10.82,1561.0
2023,12,7,5,0,11.36,11.36,1561.0
2023,12,7,6,0,12.05,12.05,1561.0
2023,12,7,7,0,11.54,11.54,1561.0
2023,12,7,8,0,11.08,11.08,1561.0
2023,12,7,9,0,10.65,10.65,1561.0
2023,12,7,10,0,10.03,10.03,1561.0
2023,12,7,11,0,9.55,9.55,1561.0
2023,12,7,12,0,9.55,9.55,1561.0
2023,12,7,13,0,9.55,9.55,1561.0
2023,12,7,14,0,9.26,9.26,1561.0
2023,12,7,15,0,9.58,9.58,1561.0
2023,12,7,16,0,9.05,9.05,1561.0
2023,12,7,17,0,8.84,8.84,1561.0
2023,12,7,18,0,9.52,9.52,1561.0
2023,12,7,19,0,11.3,11.3,1561.0
2023,12,7,20,0,12.37,12.37,1561.0
2023,12,7,21,0,12.68,12.68,1561.0
2023,12,7,22,0,12.87,12.87,1561.0
2023,12,7,23,0,12.98,12.98,1561.0
2023,12,8,0,0,12.62,12.62,1561.0
2023,12,8,1,0,13.54,13.54,1561.0
2023,12,8,2,0,14.3,14.3,1561.0
2023,12,8,3,0,13.85,13.85,1561.0
2023,12,8,4,0,13.71,13.71,1561.0
2023,12,8,5,0,13.73,13.73,1561.0
2023,12,8,6,0,12.94,12.94,1561.0
2023,12,8,7,0,13.6,13.6,1561.0
2023,12,8,8,0,12.73,12.73,1561.0
2023,12,8,9,0,12.42,12.42,1561.0
2023,12,8,10,0,11.6,11.6,1561.0
2023,12,8,11,0,11.19,11.19,1561.0
2023,12,8,12,0,11.03,11.03,1561.0
2023,12,8,13,0,10.25,10.25,1561.0
2023,12,8,14,0,10.26,10.26,1561.0
2023,12,8,15,0,10.03,10.03,1561.0
2023,12,8,16,0,10.39,10.39,1561.0
2023,12,8,17,0,10.53,10.53,1561.0
2023,12,8,18,0,9.47,9.47,1561.0
2023,12,8,19,0,11.64,11.64,1561.0
2023,12,8,20,0,11.4,11.4,1561.0
2023,12,8,21,0,12.02,12.02,1561.0
2023,12,8,22,0,11.28,11.28,1561.0
2023,12,8,23,0,10.29,10.29,1561.0
2023,12,9,0,0,10.62,10.62,1561.0
2023,12,9,1,0,11.42,11.42,1561.0
2023,12,9,2,0,13.24,13.24,1561.0
2023,12,9,3,0,12.62,12.62,1561.0
2023,12,9,4,0,13.08,13.08,1561.0
2023,12,9,5,0,13.03,13.03,1561.0
2023,12,9,6,0,14.13,14.13,1561.0
2023,12,9,7,0,12.72,12.72,1561.0
2023,12,9,8,0,13.21,13.21,1561.0
2023,12,9,9,0,13.42,13.42,1561.0
2023,12,9,10,0,12.31,12.31,1561.0
2023,12,9,11,0,10.11,10.11,1561.0
2023,12,9,12,0,9.69,9.69,1561.0
2023,12,9,13,0,7.45,7.45,1561.0
2023,12,9,14,0,7.45,7.45,1561.0
2023,12,9,15,0,6.0,6.0,1561.0
2023,12,9,16,0,6.55,6.55,1561.0
2023,12,9,17,0,7.79,7.79,1561.0
2023,12,9,18,0,8.73,8.73,1561.0
2023,12,9,19,0,11.28,11.28,1561.0
2023,12,9,20,0,9.57,9.57,1561.0
2023,12,9,21,0,9.45,9.45,1561.0
2023,12,9,22,0,11.5,11.5,1561.0
2023,12,9,23,0,10.61,10.61,1561.0
2023,12,10,0,0,10.0,10.0,1561.0
2023,12,10,1,0,10.12,10.12,1561.0
2023,12,10,2,0,10.26,10.26,1561.0
2023,12,10,3,0,9.61,9.61,1561.0
2023,12,10,4,0,9.5,9.5,1561.0
2023,12,10,5,0,9.19,9.19,1561.0
2023,12,10,6,0,9.01,9.01,1561.0
2023,12,10,7,0,8.88,8.88,1561.0
2023,12,10,8,0,8.22,8.22,1561.0
2023,12,10,9,0,8.02,8.02,1561.0
2023,12,10,10,0,6.97,6.97,1561.0
2023,12,10,11,0,7.640000000000001,7.640000000000001,1561.0
2023,12,10,12,0,6.08,6.08,1561.0
2023,12,10,13,0,6.13,6.13,1561.0
2023,12,10,14,0,5.83,5.83,1561.0
2023,12,10,15,0,5.99,5.99,1561.0
2023,12,10,16,0,5.24,5.24,1561.0
2023,12,10,17,0,7.01,7.01,1561.0
2023,12,10,18,0,6.83,6.83,1561.0
2023,12,10,19,0,6.37,6.37,1561.0
2023,12,10,20,0,5.13,5.13,1561.0
2023,12,10,21,0,4.76,4.76,1561.0
2023,12,10,22,0,4.79,4.79,1561.0
2023,12,10,23,0,5.32,5.32,1561.0
2023,12,11,0,0,6.5,6.5,1561.0
2023,12,11,1,0,6.04,6.04,1561.0
2023,12,11,2,0,5.32,5.32,1561.0
2023,12,11,3,0,4.84,4.84,1561.0
2023,12,11,4,0,3.44,3.44,1561.0
2023,12,11,5,0,3.43,3.43,1561.0
2023,12,11,6,0,3.99,3.99,1561.0
2023,12,11,7,0,2.52,2.52,1561.0
2023,12,11,8,0,3.1,3.1,1561.0
2023,12,11,9,0,3.43,3.43,1561.0
2023,12,11,10,0,4.91,4.91,1561.0
2023,12,11,11,0,4.62,4.62,1561.0
2023,12,11,12,0,4.32,4.32,1561.0
2023,12,11,13,0,4.38,4.38,1561.0
2023,12,11,14,0,3.36,3.36,1561.0
2023,12,11,15,0,3.28,3.28,1561.0
2023,12,11,16,0,3.3200000000000003,3.3200000000000003,1561.0
2023,12,11,17,0,3.66,3.66,1561.0
2023,12,11,18,0,5.12,5.12,1561.0
2023,12,11,19,0,5.04,5.04,1561.0
2023,12,11,20,0,6.79,6.79,1561.0
2023,12,11,21,0,8.36,8.36,1561.0
2023,12,11,22,0,9.5,9.5,1561.0
2023,12,11,23,0,9.84,9.84,1561.0
2023,12,12,0,0,9.58,9.58,1561.0
2023,12,12,1,0,9.6,9.6,1561.0
2023,12,12,2,0,10.43,10.43,1561.0
2023,12,12,3,0,9.99,9.99,1561.0
2023,12,12,4,0,9.95,9.95,1561.0
2023,12,12,5,0,10.56,10.56,1561.0
2023,12,12,6,0,9.66,9.66,1561.0
2023,12,12,7,0,8.88,8.88,1561.0
2023,12,12,8,0,8.4,8.4,1561.0
2023,12,12,9,0,8.290000000000001,8.290000000000001,1561.0
2023,12,12,10,0,7.24,7.24,1561.0
2023,12,12,11,0,6.97,6.97,1561.0
2023,12,12,12,0,6.83,6.83,1561.0
2023,12,12,13,0,7.85,7.85,1561.0
2023,12,12,14,0,6.98,6.98,1561.0
2023,12,12,15,0,6.8500000000000005,6.8500000000000005,1561.0
2023,12,12,16,0,6.63,6.63,1561.0
2023,12,12,17,0,6.98,6.98,1561.0
2023,12,12,18,0,6.74,6.74,1561.0
2023,12,12,19,0,7.35,7.35,1561.0
2023,12,12,20,0,8.74,8.74,1561.0
2023,12,12,21,0,8.290000000000001,8.290000000000001,1561.0
2023,12,12,22,0,7.0600000000000005,7.0600000000000005,1561.0
2023,12,12,23,0,6.1000000000000005,6.1000000000000005,1561.0
2023,12,13,0,0,5.2700000000000005,5.2700000000000005,1561.0
2023,12,13,1,0,5.05,5.05,1561.0
2023,12,13,2,0,5.5200000000000005,5.5200000000000005,1561.0
2023,12,13,3,0,4.09,4.09,1561.0
2023,12,13,4,0,5.37,5.37,1561.0
2023,12,13,5,0,5.01,5.01,1561.0
2023,12,13,6,0,5.76,5.76,1561.0
2023,12,13,7,0,5.22,5.22,1561.0
2023,12,13,8,0,1.42,1.42,1561.0
2023,12,13,9,0,1.79,1.79,1561.0
2023,12,13,10,0,2.07,2.07,1561.0
2023,12,13,11,0,0.98,0.98,1561.0
2023,12,13,12,0,0.93,0.93,1561.0
2023,12,13,13,0,0.55,0.55,512.4945468908035
2023,12,13,14,0,1.52,1.52,1561.0
2023,12,13,15,0,1.21,1.21,1561.0
2023,12,13,16,0,1.32,1.32,1561.0
2023,12,13,17,0,1.39,1.39,1561.0
2023,12,13,18,0,2.96,2.96,1561.0
2023,12,13,19,0,3.35,3.35,1561.0
2023,12,13,20,0,4.0600000000000005,4.0600000000000005,1561.0
2023,12,13,21,0,3.7,3.7,1561.0
2023,12,13,22,0,4.11,4.11,1561.0
2023,12,13,23,0,3.78,3.78,1561.0
2023,12,14,0,0,2.88,2.88,1561.0
2023,12,14,1,0,2.07,2.07,1561.0
2023,12,14,2,0,3.71,3.71,1561.0
2023,12,14,3,0,2.94,2.94,1561.0
2023,12,14,4,0,3.38,3.38,1561.0
2023,12,14,5,0,4.3100000000000005,4.3100000000000005,1561.0
2023,12,14,6,0,3.31,3.31,1561.0
2023,12,14,7,0,3.03,3.03,1561.0
2023,12,14,8,0,1.74,1.74,1561.0
2023,12,14,9,0,3.79,3.79,1561.0
2023,12,14,10,0,4.17,4.17,1561.0
2023,12,14,11,0,4.79,4.79,1561.0
2023,12,14,12,0,3.0500000000000003,3.0500000000000003,1561.0
2023,12,14,13,0,3.26,3.26,1561.0
2023,12,14,14,0,3.97,3.97,1561.0
2023,12,14,15,0,3.53,3.53,1561.0
2023,12,14,16,0,4.74,4.74,1561.0
2023,12,14,17,0,4.72,4.72,1561.0
2023,12,14,18,0,4.24,4.24,1561.0
2023,12,14,19,0,3.98,3.98,1561.0
2023,12,14,20,0,4.88,4.88,1561.0
2023,12,14,21,0,5.09,5.09,1561.0
2023,12,14,22,0,6.48,6.48,1561.0
2023,12,14,23,0,7.37,7.37,1561.0
2023,12,15,0,0,8.69,8.69,1561.0
2023,12,15,1,0,7.62,7.62,1561.0
2023,12,15,2,0,7.74,7.74,1561.0
2023,12,15,3,0,8.15,8.15,1561.0
2023,12,15,4,0,8.61,8.61,1561.0
2023,12,15,5,0,8.71,8.71,1561.0
2023,12,15,6,0,8.88,8.88,1561.0
2023,12,15,7,0,8.32,8.32,1561.0
2023,12,15,8,0,8.96,8.96,1561.0
2023,12,15,9,0,8.5,8.5,1561.0
2023,12,15,10,0,7.27,7.27,1561.0
2023,12,15,11,0,5.45,5.45,1561.0
2023,12,15,12,0,5.01,5.01,1561.0
2023,12,15,13,0,6.21,6.21,1561.0
2023,12,15,14,0,6.23,6.23,1561.0
2023,12,15,15,0,3.97,3.97,1561.0
2023,12,15,16,0,2.91,2.91,1561.0
2023,12,15,17,0,2.27,2.27,1561.0
2023,12,15,18,0,3.5700000000000003,3.5700000000000003,1561.0
2023,12,15,19,0,6.79,6.79,1561.0
2023,12,15,20,0,9.23,9.23,1561.0
2023,12,15,21,0,9.29,9.29,1561.0
2023,12,15,22,0,8.97,8.97,1561.0
2023,12,15,23,0,9.77,9.77,1561.0
2023,12,16,0,0,9.75,9.75,1561.0
2023,12,16,1,0,9.62,9.62,1561.0
2023,12,16,2,0,9.6,9.6,1561.0
2023,12,16,3,0,9.67,9.67,1561.0
2023,12,16,4,0,10.38,10.38,1561.0
2023,12,16,5,0,9.38,9.38,1561.0
2023,12,16,6,0,9.5,9.5,1561.0
2023,12,16,7,0,10.02,10.02,1561.0
2023,12,16,8,0,9.83,9.83,1561.0
2023,12,16,9,0,9.71,9.71,1561.0
2023,12,16,10,0,7.33,7.33,1561.0
2023,12,16,11,0,5.5,5.5,1561.0
2023,12,16,12,0,4.24,4.24,1561.0
2023,12,16,13,0,4.19,4.19,1561.0
2023,12,16,14,0,8.1,8.1,1561.0
2023,12,16,15,0,7.82,7.82,1561.0
2023,12,16,16,0,7.55,7.55,1561.0
2023,12,16,17,0,8.36,8.36,1561.0
2023,12,16,18,0,9.45,9.45,1561.0
2023,12,16,19,0,11.62,11.62,1561.0
2023,12,16,20,0,8.22,8.22,1561.0
2023,12,16,21,0,6.67,6.67,1561.0
2023,12,16,22,0,3.86,3.86,1561.0
2023,12,16,23,0,4.8500000000000005,4.8500000000000005,1561.0
2023,12,17,0,0,5.28,5.28,1561.0
2023,12,17,1,0,6.42,6.42,1561.0
2023,12,17,2,0,4.1,4.1,1561.0
2023,12,17,3,0,4.36,4.36,1561.0
2023,12,17,4,0,2.83,2.83,1561.0
2023,12,17,5,0,5.2,5.2,1561.0
2023,12,17,6,0,4.3100000000000005,4.3100000000000005,1561.0
2023,12,17,7,0,4.88,4.88,1561.0
2023,12,17,8,0,6.41,6.41,1561.0
2023,12,17,9,0,6.5200000000000005,6.5200000000000005,1561.0
2023,12,17,10,0,7.390000000000001,7.390000000000001,1561.0
2023,12,17,11,0,5.91,5.91,1561.0
2023,12,17,12,0,5.68,5.68,1561.0
2023,12,17,13,0,6.99,6.99,1561.0
2023,12,17,14,0,5.8500000000000005,5.8500000000000005,1561.0
2023,12,17,15,0,6.67,6.67,1561.0
2023,12,17,16,0,6.36,6.36,1561.0
2023,12,17,17,0,5.73,5.73,1561.0
2023,12,17,18,0,6.61,6.61,1561.0
2023,12,17,19,0,6.84,6.84,1561.0
2023,12,17,20,0,7.95,7.95,1561.0
2023,12,17,21,0,7.61,7.61,1561.0
2023,12,17,22,0,7.92,7.92,1561.0
2023,12,17,23,0,8.28,8.28,1561.0
2023,12,18,0,0,8.24,8.24,1561.0
2023,12,18,1,0,8.96,8.96,1561.0
2023,12,18,2,0,10.57,10.57,1561.0
2023,12,18,3,0,11.42,11.42,1561.0
2023,12,18,4,0,10.03,10.03,1561.0
2023,12,18,5,0,9.64,9.64,1561.0
2023,12,18,6,0,10.81,10.81,1561.0
2023,12,18,7,0,12.26,12.26,1561.0
2023,12,18,8,0,11.76,11.76,1561.0
2023,12,18,9,0,13.09,13.09,1561.0
2023,12,18,10,0,14.17,14.17,1561.0
2023,12,18,11,0,12.95,12.95,1561.0
2023,12,18,12,0,14.14,14.14,1561.0
2023,12,18,13,0,12.61,12.61,1561.0
2023,12,18,14,0,12.78,12.78,1561.0
2023,12,18,15,0,11.96,11.96,1561.0
2023,12,18,16,0,12.14,12.14,1561.0
2023,12,18,17,0,10.92,10.92,1561.0
2023,12,18,18,0,10.36,10.36,1561.0
2023,12,18,19,0,9.63,9.63,1561.0
2023,12,18,20,0,8.33,8.33,1561.0
2023,12,18,21,0,8.88,8.88,1561.0
2023,12,18,22,0,9.67,9.67,1561.0
2023,12,18,23,0,8.88,8.88,1561.0
2023,12,19,0,0,7.42,7.42,1561.0
2023,12,19,1,0,8.13,8.13,1561.0
2023,12,19,2,0,7.62,7.62,1561.0
2023,12,19,3,0,6.04,6.04,1561.0
2023,12,19,4,0,6.19,6.19,1561.0
2023,12,19,5,0,5.08,5.08,1561.0
2023,12,19,6,0,6.890000000000001,6.890000000000001,1561.0
2023,12,19,7,0,4.99,4.99,1561.0
2023,12,19,8,0,4.75,4.75,1561.0
2023,12,19,9,0,4.33,4.33,1561.0
2023,12,19,10,0,3.73,3.73,1561.0
2023,12,19,11,0,4.03,4.03,1561.0
2023,12,19,12,0,4.45,4.45,1561.0
2023,12,19,13,0,4.65,4.65,1561.0
2023,12,19,14,0,5.95,5.95,1561.0
2023,12,19,15,0,6.79,6.79,1561.0
2023,12,19,16,0,7.12,7.12,1561.0
2023,12,19,17,0,6.83,6.83,1561.0
2023,12,19,18,0,8.03,8.03,1561.0
2023,12,19,19,0,8.32,8.32,1561.0
2023,12,19,20,0,9.07,9.07,1561.0
2023,12,19,21,0,8.700000000000001,8.700000000000001,1561.0
2023,12,19,22,0,9.32,9.32,1561.0
2023,12,19,23,0,9.49,9.49,1561.0
2023,12,20,0,0,9.82,9.82,1561.0
2023,12,20,1,0,10.19,10.19,1561.0
2023,12,20,2,0,9.46,9.46,1561.0
2023,12,20,3,0,9.08,9.08,1561.0
2023,12,20,4,0,9.21,9.21,1561.0
2023,12,20,5,0,9.62,9.62,1561.0
2023,12,20,6,0,8.56,8.56,1561.0
2023,12,20,7,0,8.09,8.09,1561.0
2023,12,20,8,0,8.53,8.53,1561.0
2023,12,20,9,0,9.1,9.1,1561.0
2023,12,20,10,0,8.14,8.14,1561.0
2023,12,20,11,0,7.11,7.11,1561.0
2023,12,20,12,0,7.51,7.51,1561.0
2023,12,20,13,0,7.12,7.12,1561.0
2023,12,20,14,0,5.96,5.96,1561.0
2023,12,20,15,0,6.28,6.28,1561.0
2023,12,20,16,0,5.05,5.05,1561.0
2023,12,20,17,0,5.28,5.28,1561.0
2023,12,20,18,0,5.38,5.38,1561.0
2023,12,20,19,0,6.55,6.55,1561.0
2023,12,20,20,0,5.04,5.04,1561.0
2023,12,20,21,0,4.26,4.26,1561.0
2023,12,20,22,0,3.88,3.88,1561.0
2023,12,20,23,0,2.88,2.88,1561.0
2023,12,21,0,0,3.18,3.18,1561.0
2023,12,21,1,0,2.26,2.26,1561.0
2023,12,21,2,0,3.18,3.18,1561.0
2023,12,21,3,0,4.49,4.49,1561.0
2023,12,21,4,0,4.41,4.41,1561.0
2023,12,21,5,0,4.88,4.88,1561.0
2023,12,21,6,0,5.73,5.73,1561.0
2023,12,21,7,0,5.57,5.57,1561.0
2023,12,21,8,0,5.47,5.47,1561.0
2023,12,21,9,0,5.9,5.9,1561.0
2023,12,21,10,0,3.93,3.93,1561.0
2023,12,21,11,0,3.41,3.41,1561.0
2023,12,21,12,0,2.09,2.09,1561.0
2023,12,21,13,0,2.18,2.18,1561.0
2023,12,21,14,0,3.27,3.27,1561.0
2023,12,21,15,0,4.15,4.15,1561.0
2023,12,21,16,0,3.75,3.75,1561.0
2023,12,21,17,0,4.25,4.25,1561.0
2023,12,21,18,0,5.15,5.15,1561.0
2023,12,21,19,0,6.0200000000000005,6.0200000000000005,1561.0
2023,12,21,20,0,6.4,6.4,1561.0
2023,12,21,21,0,5.51,5.51,1561.0
2023,12,21,22,0,5.8,5.8,1561.0
2023,12,21,23,0,5.86,5.86,1561.0
2023,12,22,0,0,4.96,4.96,1561.0
2023,12,22,1,0,4.72,4.72,1561.0
2023,12,22,2,0,3.68,3.68,1561.0
2023,12,22,3,0,3.42,3.42,1561.0
2023,12,22,4,0,2.78,2.78,1561.0
2023,12,22,5,0,5.58,5.58,1561.0
2023,12,22,6,0,6.88,6.88,1561.0
2023,12,22,7,0,6.78,6.78,1561.0
2023,12,22,8,0,6.76,6.76,1561.0
2023,12,22,9,0,6.75,6.75,1561.0
2023,12,22,10,0,7.08,7.08,1561.0
2023,12,22,11,0,7.46,7.46,1561.0
2023,12,22,12,0,6.99,6.99,1561.0
2023,12,22,13,0,5.11,5.11,1561.0
2023,12,22,14,0,4.96,4.96,1561.0
2023,12,22,15,0,5.21,5.21,1561.0
2023,12,22,16,0,5.63,5.63,1561.0
2023,12,22,17,0,6.46,6.46,1561.0
2023,12,22,18,0,7.19,7.19,1561.0
2023,12,22,19,0,6.3100000000000005,6.3100000000000005,1561.0
2023,12,22,20,0,7.28,7.28,1561.0
2023,12,22,21,0,7.88,7.88,1561.0
2023,12,22,22,0,7.4,7.4,1561.0
2023,12,22,23,0,7.46,7.46,1561.0
2023,12,23,0,0,8.25,8.25,1561.0
2023,12,23,1,0,7.58,7.58,1561.0
2023,12,23,2,0,7.55,7.55,1561.0
2023,12,23,3,0,8.88,8.88,1561.0
2023,12,23,4,0,7.07,7.07,1561.0
2023,12,23,5,0,7.52,7.52,1561.0
2023,12,23,6,0,8.43,8.43,1561.0
2023,12,23,7,0,8.69,8.69,1561.0
2023,12,23,8,0,6.38,6.38,1561.0
2023,12,23,9,0,5.51,5.51,1561.0
2023,12,23,10,0,6.33,6.33,1561.0
2023,12,23,11,0,5.57,5.57,1561.0
2023,12,23,12,0,4.6000000000000005,4.6000000000000005,1561.0
2023,12,23,13,0,4.17,4.17,1561.0
2023,12,23,14,0,3.36,3.36,1561.0
2023,12,23,15,0,3.85,3.85,1561.0
2023,12,23,16,0,4.01,4.01,1561.0
2023,12,23,17,0,2.57,2.57,1561.0
2023,12,23,18,0,3.99,3.99,1561.0
2023,12,23,19,0,4.76,4.76,1561.0
2023,12,23,20,0,5.44,5.44,1561.0
2023,12,23,21,0,4.94,4.94,1561.0
2023,12,23,22,0,4.48,4.48,1561.0
2023,12,23,23,0,4.83,4.83,1561.0
2023,12,24,0,0,6.67,6.67,1561.0
2023,12,24,1,0,4.83,4.83,1561.0
2023,12,24,2,0,4.95,4.95,1561.0
2023,12,24,3,0,4.75,4.75,1561.0
2023,12,24,4,0,4.82,4.82,1561.0
2023,12,24,5,0,6.09,6.09,1561.0
2023,12,24,6,0,6.15,6.15,1561.0
2023,12,24,7,0,5.03,5.03,1561.0
2023,12,24,8,0,5.15,5.15,1561.0
2023,12,24,9,0,4.69,4.69,1561.0
2023,12,24,10,0,4.5200000000000005,4.5200000000000005,1561.0
2023,12,24,11,0,4.76,4.76,1561.0
2023,12,24,12,0,4.33,4.33,1561.0
2023,12,24,13,0,4.08,4.08,1561.0
2023,12,24,14,0,3.61,3.61,1561.0
2023,12,24,15,0,4.23,4.23,1561.0
2023,12,24,16,0,5.25,5.25,1561.0
2023,12,24,17,0,7.69,7.69,1561.0
2023,12,24,18,0,9.53,9.53,1561.0
2023,12,24,19,0,10.43,10.43,1561.0
2023,12,24,20,0,11.02,11.02,1561.0
2023,12,24,21,0,11.18,11.18,1561.0
2023,12,24,22,0,10.72,10.72,1561.0
2023,12,24,23,0,9.81,9.81,1561.0
2023,12,25,0,0,10.03,10.03,1561.0
2023,12,25,1,0,9.36,9.36,1561.0
2023,12,25,2,0,10.37,10.37,1561.0
2023,12,25,3,0,9.67,9.67,1561.0
2023,12,25,4,0,9.98,9.98,1561.0
2023,12,25,5,0,9.85,9.85,1561.0
2023,12,25,6,0,9.59,9.59,1561.0
2023,12,25,7,0,10.47,10.47,1561.0
2023,12,25,8,0,10.51,10.51,1561.0
2023,12,25,9,0,10.43,10.43,1561.0
2023,12,25,10,0,11.05,11.05,1561.0
2023,12,25,11,0,10.21,10.21,1561.0
2023,12,25,12,0,10.92,10.92,1561.0
2023,12,25,13,0,11.95,11.95,1561.0
2023,12,25,14,0,13.2,13.2,1561.0
2023,12,25,15,0,11.19,11.19,1561.0
2023,12,25,16,0,12.42,12.42,1561.0
2023,12,25,17,0,14.62,14.62,1561.0
2023,12,25,18,0,12.3,12.3,1561.0
2023,12,25,19,0,13.59,13.59,1561.0
2023,12,25,20,0,13.28,13.28,1561.0
2023,12,25,21,0,11.84,11.84,1561.0
2023,12,25,22,0,11.81,11.81,1561.0
2023,12,25,23,0,9.67,9.67,1561.0
2023,12,26,0,0,8.28,8.28,1561.0
2023,12,26,1,0,6.42,6.42,1561.0
2023,12,26,2,0,5.8100000000000005,5.8100000000000005,1561.0
2023,12,26,3,0,5.2700000000000005,5.2700000000000005,1561.0
2023,12,26,4,0,4.21,4.21,1561.0
2023,12,26,5,0,2.62,2.62,1561.0
2023,12,26,6,0,5.62,5.62,1561.0
2023,12,26,7,0,3.14,3.14,1561.0
2023,12,26,8,0,3.1,3.1,1561.0
2023,12,26,9,0,2.89,2.89,1561.0
2023,12,26,10,0,2.84,2.84,1561.0
2023,12,26,11,0,2.24,2.24,1561.0
2023,12,26,12,0,3.98,3.98,1561.0
2023,12,26,13,0,5.5600000000000005,5.5600000000000005,1561.0
2023,12,26,14,0,4.96,4.96,1561.0
2023,12,26,15,0,5.79,5.79,1561.0
2023,12,26,16,0,3.59,3.59,1561.0
2023,12,26,17,0,4.36,4.36,1561.0
2023,12,26,18,0,3.62,3.62,1561.0
2023,12,26,19,0,2.2,2.2,1561.0
2023,12,26,20,0,2.81,2.81,1561.0
2023,12,26,21,0,2.68,2.68,1561.0
2023,12,26,22,0,4.23,4.23,1561.0
2023,12,26,23,0,1.26,1.26,1561.0
2023,12,27,0,0,1.05,1.05,1561.0
2023,12,27,1,0,2.65,2.65,1561.0
2023,12,27,2,0,3.52,3.52,1561.0
2023,12,27,3,0,3.85,3.85,1561.0
2023,12,27,4,0,4.08,4.08,1561.0
2023,12,27,5,0,4.42,4.42,1561.0
2023,12,27,6,0,4.6000000000000005,4.6000000000000005,1561.0
2023,12,27,7,0,5.09,5.09,1561.0
2023,12,27,8,0,5.03,5.03,1561.0
2023,12,27,9,0,4.22,4.22,1561.0
2023,12,27,10,0,5.84,5.84,1561.0
2023,12,27,11,0,4.51,4.51,1561.0
2023,12,27,12,0,3.81,3.81,1561.0
2023,12,27,13,0,4.33,4.33,1561.0
2023,12,27,14,0,3.9,3.9,1561.0
2023,12,27,15,0,5.04,5.04,1561.0
2023,12,27,16,0,5.55,5.55,1561.0
2023,12,27,17,0,6.59,6.59,1561.0
2023,12,27,18,0,7.15,7.15,1561.0
2023,12,27,19,0,9.25,9.25,1561.0
2023,12,27,20,0,11.0,11.0,1561.0
2023,12,27,21,0,9.33,9.33,1561.0
2023,12,27,22,0,9.52,9.52,1561.0
2023,12,27,23,0,8.9,8.9,1561.0
2023,12,28,0,0,7.35,7.35,1561.0
2023,12,28,1,0,9.45,9.45,1561.0
2023,12,28,2,0,6.38,6.38,1561.0
2023,12,28,3,0,7.77,7.77,1561.0
2023,12,28,4,0,7.62,7.62,1561.0
2023,12,28,5,0,8.24,8.24,1561.0
2023,12,28,6,0,6.12,6.12,1561.0
2023,12,28,7,0,6.390000000000001,6.390000000000001,1561.0
2023,12,28,8,0,4.4,4.4,1561.0
2023,12,28,9,0,4.22,4.22,1561.0
2023,12,28,10,0,3.3000000000000003,3.3000000000000003,1561.0
2023,12,28,11,0,3.4,3.4,1561.0
2023,12,28,12,0,5.57,5.57,1561.0
2023,12,28,13,0,5.84,5.84,1561.0
2023,12,28,14,0,5.38,5.38,1561.0
2023,12,28,15,0,6.45,6.45,1561.0
2023,12,28,16,0,6.4,6.4,1561.0
2023,12,28,17,0,5.76,5.76,1561.0
2023,12,28,18,0,5.22,5.22,1561.0
2023,12,28,19,0,4.32,4.32,1561.0
2023,12,28,20,0,4.86,4.86,1561.0
2023,12,28,21,0,5.23,5.23,1561.0
2023,12,28,22,0,5.22,5.22,1561.0
2023,12,28,23,0,4.75,4.75,1561.0
2023,12,29,0,0,5.47,5.47,1561.0
2023,12,29,1,0,3.45,3.45,1561.0
2023,12,29,2,0,2.6,2.6,1561.0
2023,12,29,3,0,3.83,3.83,1561.0
2023,12,29,4,0,3.53,3.53,1561.0
2023,12,29,5,0,2.91,2.91,1561.0
2023,12,29,6,0,4.32,4.32,1561.0
2023,12,29,7,0,1.8,1.8,1561.0
2023,12,29,8,0,2.69,2.69,1561.0
2023,12,29,9,0,3.49,3.49,1561.0
2023,12,29,10,0,1.0,1.0,1561.0
2023,12,29,11,0,1.29,1.29,1561.0
2023,12,29,12,0,1.64,1.64,1561.0
2023,12,29,13,0,0.71,0.71,1102.4939790968251
2023,12,29,14,0,0.71,0.71,1102.4939790968251
2023,12,29,15,0,0.6900000000000001,0.6900000000000001,1011.9252958951224
2023,12,29,16,0,2.44,2.44,1561.0
2023,12,29,17,0,2.68,2.68,1561.0
2023,12,29,18,0,3.49,3.49,1561.0
2023,12,29,19,0,3.98,3.98,1561.0
2023,12,29,20,0,4.12,4.12,1561.0
2023,12,29,21,0,3.81,3.81,1561.0
2023,12,29,22,0,3.87,3.87,1561.0
2023,12,29,23,0,5.17,5.17,1561.0
2023,12,30,0,0,6.72,6.72,1561.0
2023,12,30,1,0,6.15,6.15,1561.0
2023,12,30,2,0,4.75,4.75,1561.0
2023,12,30,3,0,5.0200000000000005,5.0200000000000005,1561.0
2023,12,30,4,0,4.95,4.95,1561.0
2023,12,30,5,0,6.37,6.37,1561.0
2023,12,30,6,0,6.11,6.11,1561.0
2023,12,30,7,0,5.5,5.5,1561.0
2023,12,30,8,0,5.9,5.9,1561.0
2023,12,30,9,0,5.83,5.83,1561.0
2023,12,30,10,0,5.44,5.44,1561.0
2023,12,30,11,0,5.5600000000000005,5.5600000000000005,1561.0
2023,12,30,12,0,6.73,6.73,1561.0
2023,12,30,13,0,6.92,6.92,1561.0
2023,12,30,14,0,6.71,6.71,1561.0
2023,12,30,15,0,6.5600000000000005,6.5600000000000005,1561.0
2023,12,30,16,0,7.3,7.3,1561.0
2023,12,30,17,0,7.4,7.4,1561.0
2023,12,30,18,0,8.1,8.1,1561.0
2023,12,30,19,0,8.89,8.89,1561.0
2023,12,30,20,0,9.94,9.94,1561.0
2023,12,30,21,0,9.37,9.37,1561.0
2023,12,30,22,0,8.86,8.86,1561.0
2023,12,30,23,0,9.08,9.08,1561.0
2023,12,31,0,0,8.21,8.21,1561.0
2023,12,31,1,0,7.01,7.01,1561.0
2023,12,31,2,0,6.94,6.94,1561.0
2023,12,31,3,0,6.24,6.24,1561.0
2023,12,31,4,0,5.69,5.69,1561.0
2023,12,31,5,0,4.68,4.68,1561.0
2023,12,31,6,0,4.58,4.58,1561.0
2023,12,31,7,0,4.84,4.84,1561.0
2023,12,31,8,0,5.39,5.39,1561.0
2023,12,31,9,0,7.95,7.95,1561.0
2023,12,31,10,0,6.8100000000000005,6.8100000000000005,1561.0
2023,12,31,11,0,7.62,7.62,1561.0
2023,12,31,12,0,8.36,8.36,1561.0
2023,12,31,13,0,8.620000000000001,8.620000000000001,1561.0
2023,12,31,14,0,7.390000000000001,7.390000000000001,1561.0
2023,12,31,15,0,7.07,7.07,1561.0
2023,12,31,16,0,8.01,8.01,1561.0
2023,12,31,17,0,7.68,7.68,1561.0
2023,12,31,18,0,7.77,7.77,1561.0
2023,12,31,19,0,3.52,3.52,1561.0
2023,12,31,20,0,5.0200000000000005,5.0200000000000005,1561.0
2023,12,31,21,0,5.39,5.39,1561.0
2023,12,31,22,0,5.41,5.41,1561.0
2023,12,31,23,0,8.71,8.71,1561.0
